count,frac
1,0.0525416974432
2,0.0973883962498
3,0.136472704887
4,0.174934338217
5,0.210334563497
6,0.242453591065
7,0.271128553566
8,0.299529599708
9,0.323397357005
10,0.342771956499
11,0.362112186867
12,0.379893019597
13,0.397605212823
14,0.415275512248
15,0.432701773618
16,0.449728981219
17,0.466701811839
18,0.483185866557
19,0.498955820049
20,0.512787899699
21,0.525753825483
22,0.537051475204
23,0.547380164465
24,0.55690180558
25,0.565125377963
26,0.573255065996
27,0.58056260997
28,0.58766380569
29,0.594568833332
30,0.601471925173
31,0.608123580715
32,0.614661394923
33,0.620927911361
34,0.627146798784
35,0.633155081348
36,0.639106961285
37,0.644876765814
38,0.650570595269
39,0.656252497293
40,0.661602971972
41,0.666811521676
42,0.671928936499
43,0.676947585853
44,0.681889139547
45,0.686723431286
46,0.691453453139
47,0.69595934661
48,0.700412472823
49,0.70485953648
50,0.709127772517
51,0.713313957949
52,0.717362232175
53,0.721345545923
54,0.725309157093
55,0.729104880241
56,0.732882682778
57,0.736302907316
58,0.739650844709
59,0.742917666583
60,0.746170734792
61,0.749403638361
62,0.752565060863
63,0.755713561123
64,0.758856212714
65,0.761744391293
66,0.764616113583
67,0.767332327742
68,0.770045693781
69,0.772602911621
70,0.775140298065
71,0.777631319561
72,0.780091195783
73,0.782503642308
74,0.784891849714
75,0.787197252995
76,0.7894894177
77,0.79177422112
78,0.794035263691
79,0.796235415063
80,0.79838183917
81,0.800509889129
82,0.802614590086
83,0.804597514547
84,0.806541598548
85,0.808466893603
86,0.810300013107
87,0.812075043812
88,0.813807585807
89,0.815434153615
90,0.817030900737
91,0.81861121546
92,0.820187482264
93,0.821748109867
94,0.823289304382
95,0.824780572404
96,0.826221204306
97,0.827628817623
98,0.829002469632
99,0.830351995321
100,0.831677996533
101,0.833003968047
102,0.834265276772
103,0.835480724162
104,0.8366824496
105,0.837880392394
106,0.839028848273
107,0.84016793268
108,0.841267902172
109,0.842362573686
110,0.843430448015
111,0.844488790104
112,0.84553779412
113,0.846577184858
114,0.84761174516
115,0.848639056553
116,0.84965912405
117,0.850670604278
118,0.851673837226
119,0.852658953616
120,0.853643488822
121,0.854611138091
122,0.855543380561
123,0.856464971847
124,0.857370540846
125,0.858270239348
126,0.859151099858
127,0.860009080831
128,0.860865150549
129,0.861720743731
130,0.862571617074
131,0.863415791683
132,0.864259115992
133,0.865098292654
134,0.865935114503
135,0.866769766475
136,0.867596786736
137,0.868421624145
138,0.86924516732
139,0.870067043716
140,0.870872234009
141,0.87166391591
142,0.872445380394
143,0.873205107848
144,0.873961355687
145,0.874711723988
146,0.875457447587
147,0.876187322829
148,0.876910081308
149,0.877620913901
150,0.878313682073
151,0.878998990916
152,0.879678929923
153,0.880355823834
154,0.881028388299
155,0.881684562663
156,0.882339018113
157,0.882989344839
158,0.883635792799
159,0.884277992352
160,0.88491153615
161,0.88554173468
162,0.886167753616
163,0.886792213185
164,0.887406403669
165,0.888006148426
166,0.88859490243
167,0.889174311662
168,0.889743739849
169,0.890308822194
170,0.890873227653
171,0.89143149945
172,0.891985649784
173,0.892539608061
174,0.893092224886
175,0.893634912896
176,0.894174199379
177,0.894698631474
178,0.895222738007
179,0.895744568142
180,0.896259706571
181,0.896772624626
182,0.897281340836
183,0.897773740864
184,0.898257948888
185,0.89873674857
186,0.89921304607
187,0.899680279483
188,0.900144652549
189,0.900601897047
190,0.901056584182
191,0.901509592077
192,0.901962239747
193,0.902413673005
194,0.902863036865
195,0.903310202041
196,0.903757185278
197,0.904202840085
198,0.904644831323
199,0.90508597704
200,0.905520080661
201,0.905953709244
202,0.906384420285
203,0.906813605967
204,0.907233062762
205,0.907649840963
206,0.908063481926
207,0.908476825154
208,0.908882913523
209,0.909287754737
210,0.909691731129
211,0.910094392676
212,0.910493207684
213,0.910890157673
214,0.911287095623
215,0.911680571619
216,0.91207275057
217,0.912463774645
218,0.912852563686
219,0.91323845603
220,0.913621124712
221,0.914002870392
222,0.914382081756
223,0.914761260563
224,0.91514026933
225,0.915516445341
226,0.915889767469
227,0.916259581877
228,0.916626708744
229,0.916991604089
230,0.917355968044
231,0.917718478408
232,0.918078635131
233,0.91843084437
234,0.918778622888
235,0.919126058934
236,0.919473003641
237,0.919818725691
238,0.920163485391
239,0.920506013711
240,0.920844522734
241,0.921182795385
242,0.921511799994
243,0.921839120632
244,0.9221638929
245,0.922485857755
246,0.922803718153
247,0.923121471701
248,0.923438263742
249,0.923752008533
250,0.924064773924
251,0.924376833574
252,0.924686482854
253,0.924994210762
254,0.925296748759
255,0.925596313798
256,0.925894708223
257,0.926192230238
258,0.926489483513
259,0.926785701691
260,0.927078455994
261,0.927370798732
262,0.927660965644
263,0.927949015379
264,0.928236087916
265,0.928523133987
266,0.928809020639
267,0.929091971714
268,0.929373513695
269,0.929654306699
270,0.929934001368
271,0.930213248823
272,0.930492049581
273,0.930770574666
274,0.931044921608
275,0.931318771168
276,0.931591985065
277,0.931864903005
278,0.932135849545
279,0.932404260268
280,0.932672167099
281,0.9329393539
282,0.933205412668
283,0.933468599426
284,0.933731371902
285,0.933993985812
286,0.934255687965
287,0.934512111673
288,0.934768296011
289,0.935023222466
290,0.935277255291
291,0.93552691
292,0.935775917053
293,0.936024175596
294,0.93627176325
295,0.936518843825
296,0.936764652932
297,0.937010087761
298,0.937255107464
299,0.937498890832
300,0.93774209592
301,0.937984766525
302,0.938224481692
303,0.938460517644
304,0.938694306195
305,0.938927951453
306,0.939152427225
307,0.939375417269
308,0.939597091015
309,0.939817778054
310,0.940034888559
311,0.940251772109
312,0.940467597655
313,0.940681642312
314,0.940891361646
315,0.941100041338
316,0.941307486242
317,0.941513658318
318,0.941718803871
319,0.941923431617
320,0.942126718052
321,0.942328272783
322,0.942529183466
323,0.942729443729
324,0.942928087805
325,0.943125264139
326,0.943322362853
327,0.943519153526
328,0.94371518337
329,0.943909974208
330,0.944103643196
331,0.944297129542
332,0.944488946673
333,0.944677082857
334,0.944862858653
335,0.945048368285
336,0.945233711249
337,0.945417224654
338,0.945600071759
339,0.94578263818
340,0.945962947314
341,0.946142727026
342,0.946322121592
343,0.946501066978
344,0.946677130141
345,0.946852327312
346,0.947022803473
347,0.94719320328
348,0.94736013242
349,0.947526184324
350,0.947691093861
351,0.947855280464
352,0.948018655601
353,0.948181811278
354,0.948344825768
355,0.948507384567
356,0.948669853052
357,0.948832026517
358,0.948993750193
359,0.949154964917
360,0.949316130221
361,0.949477053673
362,0.949636819767
363,0.94979626311
364,0.949955074397
365,0.950113400762
366,0.950270416873
367,0.950426823131
368,0.950582646892
369,0.95073746947
370,0.950890966477
371,0.951044420435
372,0.951195331738
373,0.951345046569
374,0.951493468338
375,0.951640102097
376,0.951786572794
377,0.951932825623
378,0.952076738208
379,0.952220539211
380,0.952363919468
381,0.952507067663
382,0.95264993269
383,0.952792762538
384,0.952933712283
385,0.953073134468
386,0.953212429613
387,0.953351586758
388,0.953488819298
389,0.953625269696
390,0.953761585092
391,0.953897246601
392,0.954032680218
393,0.954167751221
394,0.954302542195
395,0.954437257189
396,0.954571781015
397,0.954703812074
398,0.954835732115
399,0.954967609668
400,0.955098406828
401,0.955228940072
402,0.955358784908
403,0.955488429207
404,0.955617032741
405,0.955744522856
406,0.955871398575
407,0.955998139104
408,0.956124786977
409,0.956250844108
410,0.956376849385
411,0.956502154541
412,0.956627419786
413,0.956751879233
414,0.956876315305
415,0.956999986332
416,0.957123084841
417,0.957245296371
418,0.957367423161
419,0.957489030366
420,0.95760958814
421,0.957728577412
422,0.957847560782
423,0.957966516562
424,0.958085208801
425,0.958203581428
426,0.958321164464
427,0.958438058669
428,0.958554797354
429,0.958670846413
430,0.958786753255
431,0.958901691939
432,0.959016275317
433,0.959130856727
434,0.959245197738
435,0.959359129244
436,0.959473011237
437,0.959585853777
438,0.959697647214
439,0.95980758842
440,0.959917204111
441,0.960025616304
442,0.960132787103
443,0.960239613884
444,0.960346013267
445,0.960450559716
446,0.960554909751
447,0.960659128484
448,0.960762156085
449,0.960864927032
450,0.960967487839
451,0.961069678444
452,0.961171666312
453,0.961273120352
454,0.96137450188
455,0.961473641908
456,0.961571949436
457,0.961669567806
458,0.961767173294
459,0.96186475344
460,0.96196225517
461,0.962059345054
462,0.962156321155
463,0.962253067349
464,0.962349414204
465,0.9624454147
466,0.96254099562
467,0.962636009127
468,0.962730299748
469,0.962823930066
470,0.962917444587
471,0.963009377584
472,0.963101040014
473,0.963192685018
474,0.963284076788
475,0.963375024764
476,0.963465936764
477,0.963556701677
478,0.963647445978
479,0.963738011197
480,0.963827991109
481,0.963917878927
482,0.964007713813
483,0.964097063542
484,0.964185182416
485,0.964272831779
486,0.96436020992
487,0.96444751344
488,0.964534511728
489,0.964621453711
490,0.96470830196
491,0.964794824883
492,0.964880570581
493,0.964966129703
494,0.965051665777
495,0.965136039669
496,0.965220207685
497,0.965304239761
498,0.965388111071
499,0.965471891411
500,0.965555371346
501,0.965638011004
502,0.965720580586
503,0.965802539892
504,0.965884369911
505,0.965966006233
506,0.966047527461
507,0.966128421832
508,0.96620891321
509,0.966289267149
510,0.966369116305
511,0.966448777854
512,0.966528006476
513,0.966607009923
514,0.96668599941
515,0.966764560984
516,0.966842961183
517,0.966920805445
518,0.966998627457
519,0.96707623605
520,0.96715361839
521,0.967230993564
522,0.967308281046
523,0.967385325225
524,0.967462259977
525,0.967539194121
526,0.967615933443
527,0.967692567133
528,0.967769179182
529,0.967845786078
530,0.967922255349
531,0.967998450914
532,0.968074364669
533,0.968150205443
534,0.968225806285
535,0.968301273999
536,0.968376665077
537,0.968451801562
538,0.968526711512
539,0.968601500794
540,0.968676171562
541,0.968750220158
542,0.968824131877
543,0.968897686885
544,0.968971139071
545,0.969044456255
546,0.969117735215
547,0.969190964942
548,0.969264119346
549,0.969337267051
550,0.969410390678
551,0.96948275521
552,0.969555096179
553,0.969626759794
554,0.969698386169
555,0.969769979191
556,0.969841161819
557,0.969912270435
558,0.969983284661
559,0.970054158967
560,0.970123780307
561,0.970193354289
562,0.970262756543
563,0.970332042907
564,0.970400713328
565,0.970468966141
566,0.970537085404
567,0.970605169862
568,0.970673218766
569,0.970740923185
570,0.970808520145
571,0.970876092512
572,0.970943656915
573,0.971010986868
574,0.971078242809
575,0.971144326917
576,0.971209822111
577,0.971274647399
578,0.971339412447
579,0.971404149763
580,0.971468528822
581,0.971532698256
582,0.971596752597
583,0.971660745292
584,0.971724067659
585,0.971786991249
586,0.971849603237
587,0.971912113997
588,0.971974369836
589,0.972036608343
590,0.972098535248
591,0.972160408095
592,0.972222061014
593,0.972283172283
594,0.972343980241
595,0.972403881876
596,0.972463782433
597,0.972523430879
598,0.972582934251
599,0.972642116888
600,0.97270117567
601,0.972759918541
602,0.972818253923
603,0.972875812829
604,0.972932551791
605,0.972989281618
606,0.973045981886
607,0.973102576102
608,0.973159035596
609,0.973215393112
610,0.973271535477
611,0.973327560921
612,0.973383516568
613,0.973439240294
614,0.973494885136
615,0.973550504824
616,0.973606110317
617,0.973661653884
618,0.973716925151
619,0.973772179507
620,0.973827400745
621,0.973882425288
622,0.973937144412
623,0.973990820102
624,0.974044438034
625,0.974098042194
626,0.974151543392
627,0.974204994656
628,0.974258445357
629,0.974311748596
630,0.974364932759
631,0.974418098137
632,0.974471145002
633,0.974524148537
634,0.974576910267
635,0.974629559105
636,0.974682203961
637,0.974734813216
638,0.974787285875
639,0.974839751884
640,0.974891940204
641,0.97494394326
642,0.974995636681
643,0.975047245363
644,0.975098810059
645,0.975150317606
646,0.975201813068
647,0.975253256533
648,0.975304444702
649,0.975355536796
650,0.975406576144
651,0.975457375889
652,0.975507792549
653,0.97555806971
654,0.975608271546
655,0.975658444855
656,0.975708605704
657,0.97575869254
658,0.975808705645
659,0.975858554189
660,0.975908308204
661,0.975957824817
662,0.976007193404
663,0.976056367733
664,0.976105483507
665,0.976154566913
666,0.976203404766
667,0.976252202615
668,0.976300741654
669,0.976349172064
670,0.976397414726
671,0.97644559696
672,0.976493762284
673,0.97654153314
674,0.976589143652
675,0.976636573535
676,0.976683958309
677,0.976731295864
678,0.976778601004
679,0.976825588827
680,0.976872473736
681,0.976918965395
682,0.976965219277
683,0.977011444444
684,0.977057586043
685,0.977103278368
686,0.97714887635
687,0.977194288973
688,0.977239665902
689,0.977285028871
690,0.977330280775
691,0.977375371819
692,0.97742040281
693,0.977465232421
694,0.977510020998
695,0.977554675228
696,0.977599325664
697,0.977643891501
698,0.977688410869
699,0.97773292054
700,0.977777380886
701,0.977821796918
702,0.977865791172
703,0.977909410821
704,0.977952982596
705,0.977996498627
706,0.978039390612
707,0.978082182961
708,0.978124845272
709,0.978167298944
710,0.978209705257
711,0.978252045194
712,0.978294349857
713,0.978336556524
714,0.97837857905
715,0.978420529015
716,0.978462475608
717,0.978504398499
718,0.978546320218
719,0.978588232428
720,0.978629951222
721,0.978671506111
722,0.978712895737
723,0.978754102018
724,0.978795063121
725,0.978836023663
726,0.978876941717
727,0.978917652115
728,0.978958340075
729,0.978998992902
730,0.979039636736
731,0.979079702429
732,0.979119698654
733,0.979159630469
734,0.979199488413
735,0.979239330008
736,0.979279006995
737,0.979318529166
738,0.979357985475
739,0.979397400421
740,0.979436619281
741,0.979475795654
742,0.979514865974
743,0.979553901817
744,0.979592874094
745,0.979631828102
746,0.979670738171
747,0.979709645804
748,0.979748503221
749,0.979787272385
750,0.979826029558
751,0.979864688921
752,0.979903293619
753,0.97994173399
754,0.979980131734
755,0.980018521607
756,0.980056791516
757,0.980094990222
758,0.98013316115
759,0.980171271791
760,0.980209291791
761,0.980247292584
762,0.980285176176
763,0.980323010441
764,0.980360563084
765,0.980398047337
766,0.980435526342
767,0.980472572048
768,0.980509586415
769,0.980546427368
770,0.980583252956
771,0.980620055872
772,0.980656719664
773,0.980693145164
774,0.980729345441
775,0.980765467958
776,0.980801474397
777,0.980837419847
778,0.98087316209
779,0.980908904145
780,0.980944634725
781,0.980980223509
782,0.981015730833
783,0.98105120012
784,0.981086537262
785,0.981121825781
786,0.981157077153
787,0.981192274281
788,0.981227365449
789,0.9812624079
790,0.981297428006
791,0.981332433076
792,0.981367435757
793,0.981402432395
794,0.98143727342
795,0.981472048958
796,0.98150680632
797,0.981541341927
798,0.981575787828
799,0.981610186839
800,0.981644531372
801,0.981678851639
802,0.981713161789
803,0.981747411323
804,0.981781647226
805,0.981815851462
806,0.981850029467
807,0.981884183066
808,0.981918278392
809,0.981952363553
810,0.981986315585
811,0.982020254361
812,0.982054171448
813,0.982088087692
814,0.982121945663
815,0.982155741051
816,0.982189515173
817,0.98222328831
818,0.982257032218
819,0.982290756264
820,0.982324426065
821,0.982358093103
822,0.982391713765
823,0.982425132486
824,0.982458535328
825,0.982491853148
826,0.982525116163
827,0.982558327649
828,0.982591527471
829,0.982624722141
830,0.982657829401
831,0.982690815431
832,0.982723641022
833,0.982756411338
834,0.982789171489
835,0.982821868308
836,0.982854560864
837,0.982887201986
838,0.982919803947
839,0.982952252731
840,0.982984697439
841,0.983016952947
842,0.983049143203
843,0.983081187541
844,0.98311297115
845,0.983144631888
846,0.983176290238
847,0.983207943247
848,0.983239581267
849,0.983271130846
850,0.983302655786
851,0.983334056966
852,0.983365367316
853,0.98339661574
854,0.983427627418
855,0.983458607523
856,0.983489543502
857,0.983520365792
858,0.983551146298
859,0.983581917997
860,0.983612663698
861,0.983643310748
862,0.983673919058
863,0.983704459257
864,0.983734965542
865,0.983765429996
866,0.983795888876
867,0.98382632054
868,0.983856698662
869,0.983886944498
870,0.98391673483
871,0.983946489467
872,0.983976183021
873,0.984005748786
874,0.984035196834
875,0.984064633405
876,0.98409404173
877,0.984123447713
878,0.984152850932
879,0.984182159667
880,0.984211430039
881,0.984240671976
882,0.984269889555
883,0.984299079215
884,0.984328185494
885,0.984357286386
886,0.984386179153
887,0.984415047796
888,0.984443895922
889,0.984472726294
890,0.984501541161
891,0.984530310964
892,0.984558931385
893,0.984587446782
894,0.9846158031
895,0.984644099411
896,0.984672368553
897,0.984700591321
898,0.984728743402
899,0.984756752657
900,0.98478470809
901,0.984812511938
902,0.984840247675
903,0.984867895956
904,0.984895401084
905,0.984922892908
906,0.984950204854
907,0.984977503684
908,0.98500479961
909,0.985031859258
910,0.985058885319
911,0.985085905103
912,0.985112923154
913,0.985139935491
914,0.985166933727
915,0.98519378258
916,0.985220624079
917,0.985247429367
918,0.985274227817
919,0.985300724877
920,0.985327169332
921,0.985353528485
922,0.98537964246
923,0.98540573737
924,0.985431814995
925,0.985457754713
926,0.985483684406
927,0.985509585525
928,0.98553534766
929,0.985561064451
930,0.985586598178
931,0.985612124504
932,0.985637642867
933,0.985663117196
934,0.985688572274
935,0.985713946405
936,0.985738872575
937,0.985763790734
938,0.98578849243
939,0.985813062028
940,0.985837588296
941,0.985862105523
942,0.985886530844
943,0.985910853484
944,0.985935174766
945,0.985959470939
946,0.985983763787
947,0.986007887718
948,0.986031973003
949,0.986056033086
950,0.986080042907
951,0.986103944894
952,0.986127769027
953,0.986151531515
954,0.986175056554
955,0.986198536436
956,0.986222012243
957,0.986245442284
958,0.986268866656
959,0.986292097941
960,0.986315323183
961,0.986338450803
962,0.986361497244
963,0.986384486864
964,0.98640728185
965,0.986430032897
966,0.986452729184
967,0.98647541526
968,0.986498089718
969,0.986520753636
970,0.986543268687
971,0.98656559894
972,0.986587837053
973,0.98661007273
974,0.986632245871
975,0.986654412782
976,0.986676499169
977,0.986698585041
978,0.986720590202
979,0.986742509499
980,0.986764370383
981,0.986786131256
982,0.986807867255
983,0.986829538001
984,0.986851186778
985,0.986872761028
986,0.986894326752
987,0.986915875612
988,0.986937375755
989,0.986958773827
990,0.986980167636
991,0.987001480171
992,0.987022777998
993,0.987043978391
994,0.987065161499
995,0.987086341374
996,0.987107512115
997,0.987128618915
998,0.987149450042
999,0.987170267959
1000,0.987190998326
1001,0.987211693889
1002,0.987232362516
1003,0.987253010908
1004,0.987273582289
1005,0.987294095724
1006,0.987314532571
1007,0.987334907725
1008,0.98735525557
1009,0.987375573247
1010,0.987395741167
1011,0.987415871705
1012,0.987435983178
1013,0.987456086267
1014,0.987476112438
1015,0.98749611575
1016,0.987516046736
1017,0.987535969712
1018,0.987555840645
1019,0.987575649135
1020,0.987595452801
1021,0.987615224895
1022,0.987634964104
1023,0.987654595059
1024,0.987674201655
1025,0.987693753397
1026,0.98771327708
1027,0.987732795096
1028,0.987752280977
1029,0.987771737018
1030,0.98779115165
1031,0.987810559865
1032,0.987829965363
1033,0.98784936196
1034,0.987868668899
1035,0.987887938083
1036,0.987907045938
1037,0.987926031579
1038,0.987944995672
1039,0.987963889922
1040,0.987982769369
1041,0.988001590591
1042,0.988020284304
1043,0.988038890421
1044,0.988057218569
1045,0.988075530135
1046,0.98809377448
1047,0.988111951653
1048,0.98813003898
1049,0.988148017208
1050,0.988165937726
1051,0.98818383857
1052,0.988201733933
1053,0.988219606296
1054,0.988237348669
1055,0.988255081485
1056,0.988272792005
1057,0.988290487066
1058,0.988308160532
1059,0.988325826972
1060,0.988343474674
1061,0.988361067335
1062,0.988378611983
1063,0.988395980452
1064,0.988413345033
1065,0.988430655558
1066,0.988447882279
1067,0.988465062485
1068,0.988482175331
1069,0.988499284616
1070,0.988516389498
1071,0.988533423366
1072,0.988550409172
1073,0.988567394089
1074,0.988584353475
1075,0.988601295577
1076,0.988618215053
1077,0.988635118556
1078,0.988652002994
1079,0.988668877079
1080,0.988685732239
1081,0.988702536528
1082,0.988719309056
1083,0.988735998766
1084,0.988752643038
1085,0.988769276114
1086,0.988785894997
1087,0.988802498984
1088,0.988819073131
1089,0.988835581417
1090,0.988852086423
1091,0.988868587683
1092,0.988885080135
1093,0.988901563688
1094,0.988918021429
1095,0.98893443289
1096,0.988950805845
1097,0.988967139265
1098,0.988983418065
1099,0.988999641871
1100,0.989015787262
1101,0.989031924783
1102,0.989048021597
1103,0.989064059904
1104,0.989080083033
1105,0.989096061427
1106,0.9891120112
1107,0.989127921531
1108,0.989143816966
1109,0.98915970514
1110,0.989175540474
1111,0.989191370328
1112,0.989207162661
1113,0.9892229126
1114,0.989238619771
1115,0.989254322914
1116,0.989270018796
1117,0.989285678515
1118,0.98930128385
1119,0.989316842902
1120,0.989332359375
1121,0.989347800898
1122,0.989363237783
1123,0.989378645532
1124,0.989394047425
1125,0.989409433064
1126,0.989424747033
1127,0.989440044185
1128,0.989455113584
1129,0.989470140076
1130,0.989485124127
1131,0.989500022923
1132,0.98951487778
1133,0.989529729125
1134,0.989544561357
1135,0.989559296435
1136,0.989573986592
1137,0.989588673375
1138,0.98960335257
1139,0.989617994946
1140,0.989632623082
1141,0.98964719182
1142,0.989661745943
1143,0.989676283531
1144,0.989690772823
1145,0.989705216302
1146,0.989719654254
1147,0.989734025173
1148,0.989748374591
1149,0.98976270218
1150,0.989777012765
1151,0.989791285407
1152,0.989805534768
1153,0.989819773027
1154,0.989834003697
1155,0.989848216988
1156,0.989862424799
1157,0.989876550868
1158,0.989890661151
1159,0.989904713348
1160,0.989918761423
1161,0.989932796522
1162,0.989946831387
1163,0.989960850466
1164,0.989974868796
1165,0.989988884502
1166,0.990002890886
1167,0.990016870898
1168,0.990030848333
1169,0.990044758829
1170,0.990058634802
1171,0.990072504076
1172,0.990086341731
1173,0.990100133807
1174,0.990113906724
1175,0.990127675801
1176,0.990141442628
1177,0.990155188798
1178,0.990168917542
1179,0.990182636964
1180,0.990196302704
1181,0.990209967695
1182,0.990223607905
1183,0.990237229659
1184,0.990250813095
1185,0.990264353201
1186,0.990277879816
1187,0.990291388865
1188,0.990304843951
1189,0.990318269806
1190,0.990331608861
1191,0.990344922807
1192,0.990358214691
1193,0.99037149491
1194,0.990384763653
1195,0.990398007803
1196,0.990411216118
1197,0.990424423683
1198,0.990437631014
1199,0.990450795484
1200,0.990463953442
1201,0.990477092148
1202,0.990490190803
1203,0.990503260508
1204,0.990516313163
1205,0.990529361695
1206,0.990542368865
1207,0.990555345446
1208,0.990568302259
1209,0.990581226891
1210,0.990594125946
1211,0.990606997364
1212,0.990619846484
1213,0.990632675884
1214,0.990645450945
1215,0.990658215794
1216,0.990670971743
1217,0.990683721134
1218,0.990696456379
1219,0.990709139205
1220,0.99072178437
1221,0.990734351587
1222,0.990746905829
1223,0.990759449859
1224,0.990771970982
1225,0.990784479646
1226,0.990796986435
1227,0.990809465259
1228,0.990821922441
1229,0.990834355593
1230,0.990846787902
1231,0.990859205408
1232,0.990871614623
1233,0.990884001868
1234,0.990896334213
1235,0.990908640326
1236,0.990920911587
1237,0.990933141814
1238,0.990945368293
1239,0.990957593882
1240,0.990969761479
1241,0.990981913102
1242,0.990994038775
1243,0.991006154235
1244,0.991018268009
1245,0.991030339484
1246,0.991042377606
1247,0.991054407249
1248,0.991066414783
1249,0.991078400628
1250,0.99109032389
1251,0.991102222513
1252,0.991114112376
1253,0.991125974227
1254,0.991137832143
1255,0.991149681486
1256,0.991161506237
1257,0.991173321526
1258,0.99118511981
1259,0.99119691505
1260,0.991208707853
1261,0.991220498877
1262,0.99123226854
1263,0.991244023776
1264,0.991255775826
1265,0.991267523285
1266,0.991279251773
1267,0.991290974827
1268,0.99130267104
1269,0.991314330246
1270,0.991325972496
1271,0.991337583641
1272,0.991349190617
1273,0.991360771595
1274,0.991372325311
1275,0.991383850358
1276,0.991395341725
1277,0.991406819273
1278,0.991418263657
1279,0.991429656606
1280,0.991441042482
1281,0.991452405732
1282,0.99146373638
1283,0.99147506581
1284,0.991486379266
1285,0.991497686304
1286,0.991508942049
1287,0.991520186365
1288,0.991531388427
1289,0.991542572362
1290,0.99155372018
1291,0.991564865609
1292,0.991575972908
1293,0.991587072758
1294,0.991598151436
1295,0.991609164017
1296,0.991620164935
1297,0.991631163229
1298,0.991642148407
1299,0.991653121406
1300,0.991664074497
1301,0.991675026135
1302,0.991685967936
1303,0.991696834882
1304,0.991707695317
1305,0.991718545445
1306,0.991729300155
1307,0.991740035658
1308,0.991750770974
1309,0.99176149575
1310,0.991772163846
1311,0.991782822292
1312,0.991793478771
1313,0.991804131268
1314,0.991814783015
1315,0.991825425909
1316,0.991836053298
1317,0.991846673098
1318,0.991857271304
1319,0.991867859438
1320,0.991878420872
1321,0.991888975326
1322,0.991899525142
1323,0.991910037999
1324,0.991920543924
1325,0.991931008532
1326,0.991941438055
1327,0.991951855164
1328,0.991962264404
1329,0.991972668444
1330,0.991983067284
1331,0.991993456241
1332,0.992003808425
1333,0.992014130443
1334,0.992024449837
1335,0.992034767451
1336,0.992045080428
1337,0.992055388392
1338,0.992065695326
1339,0.992075988066
1340,0.99208627364
1341,0.992096549751
1342,0.992106825206
1343,0.992117090683
1344,0.992127337143
1345,0.992137566129
1346,0.99214778467
1347,0.992157972434
1348,0.992168156545
1349,0.992178301448
1350,0.992188445601
1351,0.992198586429
1352,0.992208697464
1353,0.992218774537
1354,0.992228846739
1355,0.992238917208
1356,0.992248971188
1357,0.992258999358
1358,0.992268996048
1359,0.99227894805
1360,0.992288868012
1361,0.992298780806
1362,0.99230867861
1363,0.992318549714
1364,0.992328412901
1365,0.992338254868
1366,0.992348070182
1367,0.992357855375
1368,0.992367638834
1369,0.992377387583
1370,0.992387104057
1371,0.99239679903
1372,0.992406475359
1373,0.992416129298
1374,0.992425781128
1375,0.992435417453
1376,0.992445012368
1377,0.992454581988
1378,0.992464148048
1379,0.992473682583
1380,0.992483178612
1381,0.992492646629
1382,0.992502104575
1383,0.992511559054
1384,0.992521004118
1385,0.99253036285
1386,0.992539720551
1387,0.992549061622
1388,0.992558372339
1389,0.992567673735
1390,0.992576973022
1391,0.992586213099
1392,0.992595402914
1393,0.992604584063
1394,0.992613728158
1395,0.992622871317
1396,0.992632002811
1397,0.992641117021
1398,0.99265022767
1399,0.992659335322
1400,0.992668441896
1401,0.992677528749
1402,0.992686613587
1403,0.992695693226
1404,0.992704767947
1405,0.992713825101
1406,0.992722868156
1407,0.992731905214
1408,0.992740919507
1409,0.992749931551
1410,0.992758939005
1411,0.992767944444
1412,0.992776946276
1413,0.9927859386
1414,0.992794930454
1415,0.992803882539
1416,0.992812826286
1417,0.992821757853
1418,0.99283067696
1419,0.9928395659
1420,0.9928484547
1421,0.992857342656
1422,0.992866227567
1423,0.992875108638
1424,0.9928839876
1425,0.992892865344
1426,0.992901714561
1427,0.992910545416
1428,0.992919370414
1429,0.992928185623
1430,0.992936990432
1431,0.992945787138
1432,0.99295455288
1433,0.992963301431
1434,0.992972035553
1435,0.992980764664
1436,0.992989486139
1437,0.992998199136
1438,0.993006901827
1439,0.993015575287
1440,0.993024242893
1441,0.993032885015
1442,0.993041516177
1443,0.993050131364
1444,0.993058734794
1445,0.993067336397
1446,0.993075933691
1447,0.993084526628
1448,0.993093113194
1449,0.993101684537
1450,0.993110245761
1451,0.993118798975
1452,0.993127339775
1453,0.993135864649
1454,0.993144336684
1455,0.993152731052
1456,0.993161105324
1457,0.993169477817
1458,0.993177824264
1459,0.993186159376
1460,0.993194482917
1461,0.99320280065
1462,0.993211111871
1463,0.99321940042
1464,0.99322768733
1465,0.993235969509
1466,0.993244231404
1467,0.993252491847
1468,0.993260743578
1469,0.993268982239
1470,0.993277180849
1471,0.993285377585
1472,0.993293561065
1473,0.993301731382
1474,0.99331802208
1475,0.99331802208
1476,0.993326107892
1477,0.993334182414
1478,0.993342254688
1479,0.993350314079
1480,0.993358349206
1481,0.99336638246
1482,0.993374407281
1483,0.993382414911
1484,0.993390417903
1485,0.993398415696
1486,0.993406408102
1487,0.993414380787
1488,0.993422339278
1489,0.993430277814
1490,0.99343819869
1491,0.993446081248
1492,0.993453941416
1493,0.993461799428
1494,0.993469657253
1495,0.99347750407
1496,0.993485348872
1497,0.993493190724
1498,0.993501017445
1499,0.993508840887
1500,0.993516645592
1501,0.99352440364
1502,0.993532154007
1503,0.993539903624
1504,0.99354763441
1505,0.993555342336
1506,0.993563044126
1507,0.993570674948
1508,0.993578274714
1509,0.993585861831
1510,0.993593448855
1511,0.993601034052
1512,0.993608618733
1513,0.993616198403
1514,0.993623751231
1515,0.993631266397
1516,0.993638757018
1517,0.993646247497
1518,0.993653727672
1519,0.993661187141
1520,0.993668629887
1521,0.993676072072
1522,0.993683509197
1523,0.993690917795
1524,0.993698321146
1525,0.993705685758
1526,0.993712978793
1527,0.993720270751
1528,0.993727557368
1529,0.993734839629
1530,0.9937421121
1531,0.993749343677
1532,0.993756571319
1533,0.993763782144
1534,0.993770971656
1535,0.993778150581
1536,0.993785268235
1537,0.993792382328
1538,0.993799492675
1539,0.993806579599
1540,0.993813653314
1541,0.993820712461
1542,0.993827747295
1543,0.993834774167
1544,0.993841790733
1545,0.993848801537
1546,0.99385580925
1547,0.993862815042
1548,0.993869820646
1549,0.993876796552
1550,0.993883759904
1551,0.993890722835
1552,0.993897669651
1553,0.993904615202
1554,0.993911556725
1555,0.993918489536
1556,0.993925415225
1557,0.993932336231
1558,0.993939251288
1559,0.993946157678
1560,0.993953063366
1561,0.993959956031
1562,0.993966829538
1563,0.993973691099
1564,0.993980549101
1565,0.993987402792
1566,0.993994255547
1567,0.994001093219
1568,0.9940079248
1569,0.994014746451
1570,0.994021556532
1571,0.994028361554
1572,0.994035152944
1573,0.99404194143
1574,0.994048728651
1575,0.994055511281
1576,0.994062285433
1577,0.99406904319
1578,0.994075777946
1579,0.994082499681
1580,0.994089215419
1581,0.994095929002
1582,0.994102640665
1583,0.994109337947
1584,0.99411601771
1585,0.994122691148
1586,0.99412933887
1587,0.994135984484
1588,0.99414261047
1589,0.994149230039
1590,0.994155839115
1591,0.99416244702
1592,0.994169044104
1593,0.99417562409
1594,0.994182192038
1595,0.994188750851
1596,0.994195309383
1597,0.994201867681
1598,0.994208414502
1599,0.994214954016
1600,0.994221485941
1601,0.994228010465
1602,0.994234529274
1603,0.994241043398
1604,0.994247554431
1605,0.994254059468
1606,0.99426056207
1607,0.994267064437
1608,0.994273548019
1609,0.994280024294
1610,0.994286474337
1611,0.994292921757
1612,0.994299340462
1613,0.994305755091
1614,0.994312122175
1615,0.994318488837
1616,0.994324821725
1617,0.994331151099
1618,0.994337467545
1619,0.994343781789
1620,0.994350088492
1621,0.99435638784
1622,0.99436268433
1623,0.994368979462
1624,0.994375271784
1625,0.994381559608
1626,0.994387826869
1627,0.994394082653
1628,0.994400336516
1629,0.994406581994
1630,0.994412824849
1631,0.994419058991
1632,0.994425291353
1633,0.994431519968
1634,0.994437746662
1635,0.994443972887
1636,0.994450185154
1637,0.994456381774
1638,0.994462572071
1639,0.99446876026
1640,0.994474921608
1641,0.994481071104
1642,0.994487196195
1643,0.994493317819
1644,0.994499431621
1645,0.994505533618
1646,0.994511633086
1647,0.994517725293
1648,0.994523805695
1649,0.99452987359
1650,0.994535935302
1651,0.99454199247
1652,0.994548043174
1653,0.99455408376
1654,0.994560091742
1655,0.994566098038
1656,0.994572104288
1657,0.994578104822
1658,0.994584097534
1659,0.994590079753
1660,0.994596036911
1661,0.994601985636
1662,0.994607932816
1663,0.994613863648
1664,0.99461978839
1665,0.994625694161
1666,0.994631582412
1667,0.994637457781
1668,0.994643316708
1669,0.994649172918
1670,0.994655024866
1671,0.994660870256
1672,0.994666712553
1673,0.994672541829
1674,0.994678357894
1675,0.994684166793
1676,0.994689967588
1677,0.994695760419
1678,0.994701543881
1679,0.994707325798
1680,0.994713098112
1681,0.994718864477
1682,0.994724629624
1683,0.994730385027
1684,0.994736135793
1685,0.994741876301
1686,0.994747616761
1687,0.994753356051
1688,0.994759095199
1689,0.99476482245
1690,0.994770546562
1691,0.99477627044
1692,0.994781991133
1693,0.994787711498
1694,0.994793423477
1695,0.994799125433
1696,0.994804817598
1697,0.994810505828
1698,0.994816186516
1699,0.994821862614
1700,0.994827534074
1701,0.994833204223
1702,0.994838868282
1703,0.994844523675
1704,0.994850174009
1705,0.994855822844
1706,0.994861468306
1707,0.994867095546
1708,0.994872713886
1709,0.994878328057
1710,0.994883934686
1711,0.994889538973
1712,0.994895141621
1713,0.994900740521
1714,0.994906321948
1715,0.994911901127
1716,0.994917472108
1717,0.99492303611
1718,0.994928596552
1719,0.994934153433
1720,0.994939709237
1721,0.994945263636
1722,0.994950817801
1723,0.994956367937
1724,0.994961883596
1725,0.994967392042
1726,0.9949729003
1727,0.994978404904
1728,0.994983904403
1729,0.994989398421
1730,0.994994890752
1731,0.995000379149
1732,0.995005845201
1733,0.995011310082
1734,0.995016772059
1735,0.995022225605
1736,0.995027671233
1737,0.995033112599
1738,0.995038553122
1739,0.995043988305
1740,0.995049416835
1741,0.995060265278
1742,0.995060265278
1743,0.995065682098
1744,0.995071087582
1745,0.995076482714
1746,0.995081859576
1747,0.995087227258
1748,0.995092594658
1749,0.995097956156
1750,0.995103290626
1751,0.995108623081
1752,0.995113951742
1753,0.995119264897
1754,0.995124574962
1755,0.9951298676
1756,0.995135154524
1757,0.99514042641
1758,0.995145692957
1759,0.995150958848
1760,0.99515621434
1761,0.995161467349
1762,0.995166718156
1763,0.995171960391
1764,0.995177195131
1765,0.995182425843
1766,0.995187652947
1767,0.995192878459
1768,0.995198099474
1769,0.995203317444
1770,0.995208530918
1771,0.99521374425
1772,0.995218956084
1773,0.995224159392
1774,0.995229362607
1775,0.995234561605
1776,0.995239756669
1777,0.995244941662
1778,0.995250118456
1779,0.995255286913
1780,0.995260454105
1781,0.995265605277
1782,0.995270749235
1783,0.995275886306
1784,0.995281020802
1785,0.995286133562
1786,0.995291244964
1787,0.995296345404
1788,0.995301444626
1789,0.995306534386
1790,0.995311613466
1791,0.995316675916
1792,0.995321730825
1793,0.995326769104
1794,0.995331806915
1795,0.995336842056
1796,0.995341876447
1797,0.995346899034
1798,0.995351918763
1799,0.995356931887
1800,0.995361935549
1801,0.995366931389
1802,0.995371920857
1803,0.995376908452
1804,0.995381893986
1805,0.995386873851
1806,0.995391847252
1807,0.995396815688
1808,0.995401774474
1809,0.995406732792
1810,0.995411681179
1811,0.995416624179
1812,0.995421560574
1813,0.995426492097
1814,0.995431420342
1815,0.995436338187
1816,0.995441250785
1817,0.995446153359
1818,0.995455955416
1819,0.995455955416
1820,0.995460849137
1821,0.995465738829
1822,0.995470626273
1823,0.995475499664
1824,0.995480365606
1825,0.99548522129
1826,0.995490070416
1827,0.995494913312
1828,0.995499755224
1829,0.99550458922
1830,0.995509416704
1831,0.995514229901
1832,0.99551902867
1833,0.995523821397
1834,0.995533405632
1835,0.995533405632
1836,0.995538192785
1837,0.995542970568
1838,0.995547747087
1839,0.995552521076
1840,0.9955572849
1841,0.995562044884
1842,0.99556680304
1843,0.995571555903
1844,0.99557630202
1845,0.995581043313
1846,0.995585753923
1847,0.995590444016
1848,0.99559511481
1849,0.995599776047
1850,0.995604420187
1851,0.99560905374
1852,0.995613681203
1853,0.995618307636
1854,0.995622931586
1855,0.995627541436
1856,0.995632135969
1857,0.995636726051
1858,0.995641299036
1859,0.995645868741
1860,0.995650421911
1861,0.995654971146
1862,0.995659515697
1863,0.995664059358
1864,0.995668602269
1865,0.995673139044
1866,0.995677662562
1867,0.995682177461
1868,0.995686690907
1869,0.995691200747
1870,0.995695707074
1871,0.995700211152
1872,0.995704686187
1873,0.995709140049
1874,0.995713581076
1875,0.995718018871
1876,0.99572245423
1877,0.995726884483
1878,0.995731309068
1879,0.995735723207
1880,0.995740135051
1881,0.995744543147
1882,0.99574894698
1883,0.99575334983
1884,0.995757746309
1885,0.995762132529
1886,0.995766514627
1887,0.995770890214
1888,0.995775251467
1889,0.995779604429
1890,0.995783956688
1891,0.995788297236
1892,0.995792636566
1893,0.995796970509
1894,0.995801300705
1895,0.995805623593
1896,0.995809941844
1897,0.995814258174
1898,0.995818571647
1899,0.995822875985
1900,0.995827161492
1901,0.99583144091
1902,0.99583572028
1903,0.995839997918
1904,0.99584427223
1905,0.995848541529
1906,0.995852799352
1907,0.995857055816
1908,0.995861312093
1909,0.995865566262
1910,0.995869794105
1911,0.995874016842
1912,0.995878236113
1913,0.995882452386
1914,0.995886662335
1915,0.995890867787
1916,0.995895063214
1917,0.995899254239
1918,0.995903440438
1919,0.99590762364
1920,0.99591180656
1921,0.995915987419
1922,0.995920156052
1923,0.995924321875
1924,0.995928470225
1925,0.995932615389
1926,0.995936741676
1927,0.99594086459
1928,0.995944986146
1929,0.995949107421
1930,0.995953208974
1931,0.995957310106
1932,0.995961410161
1933,0.995965499207
1934,0.995969581836
1935,0.995973659687
1936,0.995977725077
1937,0.995981775665
1938,0.995985818009
1939,0.99598985103
1940,0.995993874262
1941,0.995997890607
1942,0.996001906578
1943,0.996005919317
1944,0.9960099262
1945,0.996013930741
1946,0.996017927553
1947,0.996021924318
1948,0.996025909419
1949,0.996029894052
1950,0.996033875827
1951,0.996037857321
1952,0.996041824528
1953,0.996045783537
1954,0.99604971683
1955,0.996053638598
1956,0.996057557182
1957,0.996061471503
1958,0.996065382732
1959,0.99606929368
1960,0.996073202848
1961,0.996077109112
1962,0.996081014111
1963,0.996084917564
1964,0.996088819425
1965,0.996092710886
1966,0.996096597429
1967,0.996100480926
1968,0.996104363722
1969,0.996108243519
1970,0.996112098021
1971,0.996115949056
1972,0.996119798687
1973,0.996123645412
1974,0.996127476961
1975,0.996131302561
1976,0.996135125631
1977,0.996138936522
1978,0.996142747038
1979,0.996146553338
1980,0.996150350831
1981,0.996154142142
1982,0.996157926847
1983,0.996161705603
1984,0.996165470588
1985,0.996169230325
1986,0.996172978353
1987,0.996176723897
1988,0.996180468598
1989,0.996184207163
1990,0.996187941839
1991,0.996191669911
1992,0.996195397187
1993,0.996199120199
1994,0.996202840448
1995,0.996206557934
1996,0.996210274716
1997,0.996213980256
1998,0.996217677458
1999,0.996221374098
2000,0.996225062494
2001,0.996228749671
2002,0.996232422562
2003,0.996236089691
2004,0.996239747919
2005,0.996243402681
2006,0.996247054023
2007,0.996250701806
2008,0.996254349354
2009,0.996257995544
2010,0.996261634566
2011,0.996265261878
2012,0.996268886426
2013,0.996272509663
2014,0.996276129948
2015,0.996279749343
2016,0.996283368504
2017,0.996286983778
2018,0.996290591275
2019,0.996294190199
2020,0.996297783737
2021,0.99630136533
2022,0.996304946735
2023,0.996308520271
2024,0.996312093526
2025,0.996315666312
2026,0.996319235163
2027,0.996322802282
2028,0.99632635783
2029,0.996329904992
2030,0.996333446581
2031,0.99633698728
2032,0.996340522263
2033,0.996344050923
2034,0.996347574758
2035,0.996351097141
2036,0.996354608656
2037,0.996358117782
2038,0.996361626159
2039,0.996365134348
2040,0.996368639774
2041,0.99637213569
2042,0.996375631372
2043,0.9963791197
2044,0.996382606903
2045,0.996386081225
2046,0.996389553673
2047,0.996393025605
2048,0.996396490184
2049,0.996399954528
2050,0.996403415077
2051,0.996406869865
2052,0.996410320484
2053,0.996413769791
2054,0.996417207481
2055,0.996420643579
2056,0.996424078739
2057,0.996427509263
2058,0.996430938755
2059,0.996434367123
2060,0.996437787341
2061,0.996441205076
2062,0.99644461555
2063,0.996448022277
2064,0.996451427364
2065,0.996454830437
2066,0.996458225546
2067,0.99646161377
2068,0.996465001572
2069,0.996468385298
2070,0.996471768978
2071,0.996475150035
2072,0.996478521769
2073,0.996481891958
2074,0.996485260601
2075,0.996488627137
2076,0.996491992313
2077,0.996495352852
2078,0.996498710628
2079,0.996502062314
2080,0.996505407722
2081,0.99650875093
2082,0.996512080599
2083,0.996515409613
2084,0.996518735488
2085,0.99652206066
2086,0.996525381945
2087,0.996528703182
2088,0.99653202175
2089,0.996535335399
2090,0.996538647736
2091,0.9965419582
2092,0.99654526843
2093,0.996548573038
2094,0.996551873618
2095,0.996555166515
2096,0.996558455478
2097,0.996561741489
2098,0.996565022582
2099,0.996568282221
2100,0.996571541063
2101,0.996574798032
2102,0.996578051159
2103,0.996581304146
2104,0.996584549497
2105,0.996587773114
2106,0.996590994294
2107,0.996594213882
2108,0.996597430378
2109,0.99660064411
2110,0.996603857608
2111,0.996607061831
2112,0.996610254015
2113,0.996613435519
2114,0.9966166144
2115,0.996619787941
2116,0.996622955392
2117,0.996626122702
2118,0.996629286874
2119,0.996632448423
2120,0.996635606225
2121,0.996638736341
2122,0.996641862477
2123,0.996644987066
2124,0.996648111
2125,0.996651225518
2126,0.996654339895
2127,0.996657452774
2128,0.99666055975
2129,0.996663659372
2130,0.996666756371
2131,0.996669851918
2132,0.996672946855
2133,0.996676040996
2134,0.996679124223
2135,0.996682207216
2136,0.996685286976
2137,0.996688358258
2138,0.996691420311
2139,0.996694481334
2140,0.996697540577
2141,0.996700598837
2142,0.996703653068
2143,0.996706707205
2144,0.996709751739
2145,0.996712791917
2146,0.996715829284
2147,0.99671886459
2148,0.996721897085
2149,0.996724925037
2150,0.996727952895
2151,0.996730976256
2152,0.996733995635
2153,0.99673701375
2154,0.996740027602
2155,0.996743038596
2156,0.996746041533
2157,0.996749044377
2158,0.996752045628
2159,0.996755045474
2160,0.996758045179
2161,0.996761044837
2162,0.99676404309
2163,0.996767034879
2164,0.996770022826
2165,0.996773006089
2166,0.996775987854
2167,0.996778957532
2168,0.996781924025
2169,0.996784889348
2170,0.996787851578
2171,0.996790812075
2172,0.996793763907
2173,0.99679671452
2174,0.996799664056
2175,0.996802611999
2176,0.996805557319
2177,0.996808498377
2178,0.996811438403
2179,0.996814372247
2180,0.996817302765
2181,0.996820229956
2182,0.996823155462
2183,0.996826076564
2184,0.996828997478
2185,0.996831913568
2186,0.996834828674
2187,0.996837740736
2188,0.996840650876
2189,0.996843553007
2190,0.996846450922
2191,0.996849346213
2192,0.996852240849
2193,0.996855129113
2194,0.9968580126
2195,0.996860892761
2196,0.996863767723
2197,0.996866642637
2198,0.996869517458
2199,0.996872386939
2200,0.996875255811
2201,0.996878123137
2202,0.996880978237
2203,0.996883828933
2204,0.996886679349
2205,0.996889527047
2206,0.996892372544
2207,0.996895217573
2208,0.996898054497
2209,0.996900884255
2210,0.996903703754
2211,0.996906518709
2212,0.996909332727
2213,0.996912141171
2214,0.996914946945
2215,0.996917752485
2216,0.996920556478
2217,0.996923358036
2218,0.996926158939
2219,0.996928958623
2220,0.996931745566
2221,0.996934526231
2222,0.996937306757
2223,0.996940082504
2224,0.99694285783
2225,0.996945631235
2226,0.996948404031
2227,0.996951176359
2228,0.996953947234
2229,0.996956715487
2230,0.996959479148
2231,0.996962241967
2232,0.99696500071
2233,0.996967748117
2234,0.996970494353
2235,0.996973237029
2236,0.996975976519
2237,0.99697871423
2238,0.996981448474
2239,0.99698417424
2240,0.996986899068
2241,0.996989623616
2242,0.996992347086
2243,0.996995069806
2244,0.996997782549
2245,0.997000491264
2246,0.997003198854
2247,0.997005906351
2248,0.997008606352
2249,0.997011305511
2250,0.997014001765
2251,0.997016695771
2252,0.997019386872
2253,0.997022070666
2254,0.997024754413
2255,0.997027434787
2256,0.997030108978
2257,0.997032780078
2258,0.997035448788
2259,0.997038116749
2260,0.997040781103
2261,0.997043444894
2262,0.997046107656
2263,0.997048769152
2264,0.997051427604
2265,0.997054083432
2266,0.99705673645
2267,0.99705938558
2268,0.997062018689
2269,0.997064651752
2270,0.997067280926
2271,0.997069909164
2272,0.997075161985
2273,0.997075161985
2274,0.997077788068
2275,0.997080399255
2276,0.99708300632
2277,0.997085612963
2278,0.997088218013
2279,0.997090820206
2280,0.997093421743
2281,0.997096022436
2282,0.997098619055
2283,0.997101214877
2284,0.997103808357
2285,0.997106396356
2286,0.997108982482
2287,0.997111567811
2288,0.997114151032
2289,0.99711673416
2290,0.997119313493
2291,0.997121892639
2292,0.997124470614
2293,0.99712704531
2294,0.997129618741
2295,0.99713219161
2296,0.997134764151
2297,0.997137335755
2298,0.997139903049
2299,0.997142470297
2300,0.997145036748
2301,0.997147602684
2302,0.997150165529
2303,0.997152722986
2304,0.997155280163
2305,0.9971578342
2306,0.997160380134
2307,0.997162924804
2308,0.997165464039
2309,0.997167998731
2310,0.997170532579
2311,0.997173063851
2312,0.997175594795
2313,0.997178125505
2314,0.997180652655
2315,0.997183177275
2316,0.997185701802
2317,0.997188224267
2318,0.997190743875
2319,0.997193256082
2320,0.997195764307
2321,0.997198270378
2322,0.997200774106
2323,0.997203273618
2324,0.997205772662
2325,0.997208270628
2326,0.997210768267
2327,0.997213262158
2328,0.997215754222
2329,0.997218245256
2330,0.997220731605
2331,0.99722321416
2332,0.997225687159
2333,0.997228154724
2334,0.997230617745
2335,0.997233078753
2336,0.997235536059
2337,0.997237988353
2338,0.997240440507
2339,0.997242887414
2340,0.997245330574
2341,0.997247773593
2342,0.99725021605
2343,0.997252653308
2344,0.997255090144
2345,0.997257522483
2346,0.997259951074
2347,0.997262373576
2348,0.997264796031
2349,0.997267217409
2350,0.99726963813
2351,0.997272057353
2352,0.997274472829
2353,0.997276886243
2354,0.997279297783
2355,0.997281708762
2356,0.997284118054
2357,0.997286524488
2358,0.99728892919
2359,0.997291322649
2360,0.997293714937
2361,0.997296106522
2362,0.997298492299
2363,0.997300876858
2364,0.997303258653
2365,0.997305639979
2366,0.997308018964
2367,0.997310397058
2368,0.997312766767
2369,0.997315136102
2370,0.997317502954
2371,0.997319869572
2372,0.997322232208
2373,0.997324594516
2374,0.997326953452
2375,0.997329311872
2376,0.99733165994
2377,0.997334006556
2378,0.997336350033
2379,0.997338693135
2380,0.997341031225
2381,0.997343369269
2382,0.997345707265
2383,0.99734804292
2384,0.997350377403
2385,0.997352710481
2386,0.997355040561
2387,0.997357368767
2388,0.997359694912
2389,0.997362017451
2390,0.997364339708
2391,0.997366661731
2392,0.997368976306
2393,0.99737129074
2394,0.997373603535
2395,0.997375916002
2396,0.997378226735
2397,0.997380535127
2398,0.997382842956
2399,0.997385149521
2400,0.997387454399
2401,0.997389759184
2402,0.9973920635
2403,0.997394361024
2404,0.997396657986
2405,0.997398942909
2406,0.997401224553
2407,0.99740350615
2408,0.997405779597
2409,0.99740804953
2410,0.997410319135
2411,0.997412588553
2412,0.997414857221
2413,0.997417124063
2414,0.997419389593
2415,0.997421647768
2416,0.997423902993
2417,0.997426156203
2418,0.997428405244
2419,0.997430654145
2420,0.997432902061
2421,0.997435147261
2422,0.997437388105
2423,0.997439627356
2424,0.99744186403
2425,0.997444099674
2426,0.997446333116
2427,0.997448562155
2428,0.997450784074
2429,0.997453001168
2430,0.997455216576
2431,0.99745743025
2432,0.997459638116
2433,0.997461844904
2434,0.997464048788
2435,0.997466251127
2436,0.997468449624
2437,0.997470645638
2438,0.997472841559
2439,0.997475034154
2440,0.997477225484
2441,0.997479415877
2442,0.997481601586
2443,0.997483782049
2444,0.997485959138
2445,0.997488132668
2446,0.997490303996
2447,0.997492471951
2448,0.997494637752
2449,0.997496803178
2450,0.997498968041
2451,0.997501132811
2452,0.997503292241
2453,0.99750544975
2454,0.997507606135
2455,0.997509759476
2456,0.997511911879
2457,0.997514062549
2458,0.997516208488
2459,0.997518350024
2460,0.997520491419
2461,0.997522623305
2462,0.997524755097
2463,0.997529005472
2464,0.997529005472
2465,0.997531129301
2466,0.99753325224
2467,0.997535372836
2468,0.997537493152
2469,0.997539611547
2470,0.997541728537
2471,0.997543843091
2472,0.99754595549
2473,0.99754806536
2474,0.997550173964
2475,0.99755227915
2476,0.997554381665
2477,0.997556481182
2478,0.997558569223
2479,0.997560657076
2480,0.997562742446
2481,0.997564827068
2482,0.997566911361
2483,0.997568993733
2484,0.997571075309
2485,0.997573156089
2486,0.997575236822
2487,0.997577315354
2488,0.997579393183
2489,0.997581469512
2490,0.997583543266
2491,0.997585616879
2492,0.997587688665
2493,0.997589757078
2494,0.997591821837
2495,0.99759388655
2496,0.997595951216
2497,0.997598010916
2498,0.997600069539
2499,0.997602127788
2500,0.997604180883
2501,0.997606233135
2502,0.997608284638
2503,0.997610331785
2504,0.997612378322
2505,0.997614422939
2506,0.9976164669
2507,0.99761849826
2508,0.997620527747
2509,0.997622552643
2510,0.997624574166
2511,0.997626595548
2512,0.99762861398
2513,0.997630630303
2514,0.997632645362
2515,0.997634659718
2516,0.997636672482
2517,0.997638684542
2518,0.997640695198
2519,0.997642703277
2520,0.997644708124
2521,0.997646710769
2522,0.997648710557
2523,0.997650709408
2524,0.997652706338
2525,0.997654702847
2526,0.997656696124
2527,0.997658688791
2528,0.997660681318
2529,0.997662673564
2530,0.997664661735
2531,0.997666649718
2532,0.997668637514
2533,0.99767061819
2534,0.997672597554
2535,0.997674575888
2536,0.997676551973
2537,0.997678527964
2538,0.997680500442
2539,0.997682469079
2540,0.997684437529
2541,0.99768640537
2542,0.997688371618
2543,0.997690337585
2544,0.997692303458
2545,0.997694264319
2546,0.997696223306
2547,0.997698182013
2548,0.997700130179
2549,0.997702074364
2550,0.997704014192
2551,0.997705952287
2552,0.997707887478
2553,0.997709819437
2554,0.997711750693
2555,0.9977136812
2556,0.997715609879
2557,0.997717537388
2558,0.997719461477
2559,0.997721384442
2560,0.997723301083
2561,0.997725215803
2562,0.997727128837
2563,0.997729040138
2564,0.997730948862
2565,0.997732849998
2566,0.99773475001
2567,0.997736647632
2568,0.997738542397
2569,0.997740437022
2570,0.997742329632
2571,0.997744220509
2572,0.997746108482
2573,0.997747995612
2574,0.99774988246
2575,0.997751769215
2576,0.997753654424
2577,0.997755538978
2578,0.997757422547
2579,0.997759300355
2580,0.997761177085
2581,0.997763052457
2582,0.997764927783
2583,0.997766802405
2584,0.997768676934
2585,0.997770551322
2586,0.99777242201
2587,0.997774284453
2588,0.997776145678
2589,0.997778006576
2590,0.997779865834
2591,0.997781721625
2592,0.997783575496
2593,0.997785428992
2594,0.997787281645
2595,0.997789134017
2596,0.997790985358
2597,0.997792833655
2598,0.997794680874
2599,0.997796527765
2600,0.997798372783
2601,0.997800215739
2602,0.997802058555
2603,0.997803894298
2604,0.997807562504
2605,0.997807562504
2606,0.997809396326
2607,0.997811229913
2608,0.997813063454
2609,0.997814895543
2610,0.99781672618
2611,0.997818556207
2612,0.997820385907
2613,0.997822214623
2614,0.997824042449
2615,0.997825867137
2616,0.997827690325
2617,0.997829513233
2618,0.997831334407
2619,0.99783315441
2620,0.997834972446
2621,0.997836785329
2622,0.997838596057
2623,0.997840405708
2624,0.997842210487
2625,0.997844007959
2626,0.997845801355
2627,0.997847594564
2628,0.997849387538
2629,0.997851176438
2630,0.997852963088
2631,0.997854749317
2632,0.997856535219
2633,0.997858315171
2634,0.997860094701
2635,0.997861868986
2636,0.997863641677
2637,0.997865410199
2638,0.997868938531
2639,0.997868938531
2640,0.997870702229
2641,0.997872465692
2642,0.997874227329
2643,0.997875987888
2644,0.99787774765
2645,0.997879506054
2646,0.997881263897
2647,0.997883019959
2648,0.997884775131
2649,0.997886524166
2650,0.997890003219
2651,0.997890003219
2652,0.997891742136
2653,0.997893480585
2654,0.9978952188
2655,0.997896954204
2656,0.99789868113
2657,0.997900407259
2658,0.997902133248
2659,0.997903854365
2660,0.997905575201
2661,0.997907294163
2662,0.997909011673
2663,0.997910724826
2664,0.997912436903
2665,0.997914148698
2666,0.997915860399
2667,0.997917571257
2668,0.99791928146
2669,0.997920988055
2670,0.997922690482
2671,0.997924392018
2672,0.997926091962
2673,0.997927790313
2674,0.997929484448
2675,0.997931178537
2676,0.997932871033
2677,0.997934562217
2678,0.997936252276
2679,0.997937942196
2680,0.997939630335
2681,0.997941317912
2682,0.997943004974
2683,0.997944691661
2684,0.997946375866
2685,0.997948059648
2686,0.997949742588
2687,0.997951425434
2688,0.997953105844
2689,0.997954783865
2690,0.997956460715
2691,0.997958131991
2692,0.99795980322
2693,0.997961474121
2694,0.997963143242
2695,0.997964811426
2696,0.99796647872
2697,0.997968145779
2698,0.997969812558
2699,0.99797147573
2700,0.997973136279
2701,0.997974795047
2702,0.997976453675
2703,0.99797810968
2704,0.997979765263
2705,0.997981419488
2706,0.997983071604
2707,0.997984723627
2708,0.997986374011
2709,0.997989672249
2710,0.997989672249
2711,0.997991318978
2712,0.997992965333
2713,0.997994605599
2714,0.997996244834
2715,0.997997882429
2716,0.997999519556
2717,0.998001154809
2718,0.998002789313
2719,0.998004421568
2720,0.998006051575
2721,0.998007679895
2722,0.998009301095
2723,0.998010915597
2724,0.998012529677
2725,0.998014143195
2726,0.998015753293
2727,0.998017357021
2728,0.998018960233
2729,0.998020562555
2730,0.998022164315
2731,0.998023764764
2732,0.998025363151
2733,0.998026961445
2734,0.998028559552
2735,0.998030156346
2736,0.998031752298
2737,0.99803334661
2738,0.998034938112
2739,0.998036528302
2740,0.998038116243
2741,0.998039701795
2742,0.998041286879
2743,0.998042869855
2744,0.998044452691
2745,0.998046034309
2746,0.998047610633
2747,0.998049186629
2748,0.998050756489
2749,0.9980523256
2750,0.998053893539
2751,0.998055459136
2752,0.998057015692
2753,0.998058571968
2754,0.99806012665
2755,0.998061678616
2756,0.998063225429
2757,0.998064769197
2758,0.998066310577
2759,0.998067849988
2760,0.998069388697
2761,0.998070926657
2762,0.998072463633
2763,0.99807399644
2764,0.998075527373
2765,0.998077055683
2766,0.998078583712
2767,0.998080109773
2768,0.998081635085
2769,0.998083157727
2770,0.998084676481
2771,0.998086193314
2772,0.998087708929
2773,0.998089223655
2774,0.998090738333
2775,0.998092252918
2776,0.998093764411
2777,0.998095275342
2778,0.998096784071
2779,0.998098292379
2780,0.998099798345
2781,0.998101300704
2782,0.998102802032
2783,0.998104303266
2784,0.998105800144
2785,0.998107296601
2786,0.998108792307
2787,0.998110286281
2788,0.998111778288
2789,0.998113268326
2790,0.99811475696
2791,0.998116245406
2792,0.998117728372
2793,0.998119211197
2794,0.998120693928
2795,0.998122171741
2796,0.998123647258
2797,0.998125122635
2798,0.998126591829
2799,0.998128058446
2800,0.998129525017
2801,0.99813098784
2802,0.998132450288
2803,0.998133910253
2804,0.998135363754
2805,0.998136817021
2806,0.998138268649
2807,0.998141171716
2808,0.998141171716
2809,0.998142622922
2810,0.998144071832
2811,0.998145519384
2812,0.998146965953
2813,0.998148412146
2814,0.998149855295
2815,0.998151296523
2816,0.998152737517
2817,0.998154178324
2818,0.998155615477
2819,0.998157052208
2820,0.998158485051
2821,0.998159916723
2822,0.998161348302
2823,0.998162777585
2824,0.998164204572
2825,0.998165631326
2826,0.998167057799
2827,0.998168482538
2828,0.998169904888
2829,0.998171327051
2830,0.998172748839
2831,0.998174170487
2832,0.998175591573
2833,0.998177011768
2834,0.998178429481
2835,0.998179845226
2836,0.998181260129
2837,0.998182671892
2838,0.998184083
2839,0.99818549111
2840,0.998186897393
2841,0.998188298851
2842,0.998189700122
2843,0.998191099847
2844,0.998192495872
2845,0.998193889788
2846,0.998195283517
2847,0.998196677199
2848,0.998198070273
2849,0.998199460442
2850,0.998200849158
2851,0.998202236985
2852,0.998203624016
2853,0.998205008985
2854,0.998206393767
2855,0.998207778408
2856,0.998209163003
2857,0.998210547363
2858,0.998211931349
2859,0.998213312946
2860,0.998214693324
2861,0.998216073516
2862,0.99821745174
2863,0.998218829167
2864,0.998220206361
2865,0.998221581727
2866,0.998222956859
2867,0.998224331336
2868,0.998225705437
2869,0.99822707879
2870,0.998228449706
2871,0.998229817343
2872,0.998231184138
2873,0.998232550416
2874,0.998233914213
2875,0.998235277212
2876,0.998236637917
2877,0.998237993562
2878,0.99823934621
2879,0.998240697452
2880,0.998242048179
2881,0.998243397594
2882,0.998244734643
2883,0.998246071598
2884,0.998247400449
2885,0.998248728316
2886,0.998250055153
2887,0.998251380819
2888,0.998252703908
2889,0.998254025592
2890,0.998255345309
2891,0.998256664651
2892,0.998257982353
2893,0.998259297245
2894,0.99826061031
2895,0.998261922484
2896,0.998263229647
2897,0.998264532219
2898,0.998265833854
2899,0.998267133943
2900,0.998268430519
2901,0.998269726065
2902,0.998271020252
2903,0.99827231383
2904,0.998273607267
2905,0.998274900564
2906,0.998276191051
2907,0.998277480554
2908,0.998278769166
2909,0.998280057498
2910,0.998281341895
2911,0.998282626244
2912,0.998283908205
2913,0.998285188902
2914,0.998286468239
2915,0.998287747155
2916,0.998289025228
2917,0.998290302692
2918,0.998291579875
2919,0.998292855981
2920,0.998294130728
2921,0.998295404585
2922,0.998296677458
2923,0.998297950144
2924,0.998299221097
2925,0.998300491347
2926,0.998301756163
2927,0.998303020511
2928,0.998304284203
2929,0.99830554738
2930,0.998306808917
2931,0.998308070407
2932,0.998309331148
2933,0.998310590718
2934,0.998311849117
2935,0.998313105829
2936,0.998314362073
2937,0.998315618223
2938,0.998316874233
2939,0.998318129259
2940,0.998319383535
2941,0.998320635657
2942,0.998321885109
2943,0.998323133905
2944,0.998324380639
2945,0.998325624938
2946,0.998326867223
2947,0.998328108571
2948,0.998329349122
2949,0.998330588643
2950,0.998331826993
2951,0.99833306478
2952,0.99833429868
2953,0.99833553094
2954,0.99833676306
2955,0.998337994711
2956,0.998339224395
2957,0.998340452767
2958,0.998341679827
2959,0.998342902859
2960,0.998344125564
2961,0.998345347378
2962,0.998346569145
2963,0.998347789085
2964,0.99834900762
2965,0.998350225687
2966,0.998351443145
2967,0.998352660509
2968,0.998353877451
2969,0.998355093972
2970,0.998356307823
2971,0.998357520362
2972,0.998358730887
2973,0.99835994099
2974,0.998361149969
2975,0.998362358105
2976,0.9983635661
2977,0.998364773861
2978,0.998365979842
2979,0.998367184324
2980,0.998368388666
2981,0.998369590712
2982,0.998370790182
2983,0.998371988762
2984,0.998373187201
2985,0.998374385219
2986,0.998376780224
2987,0.998376780224
2988,0.998377977304
2989,0.998379171528
2990,0.99838036458
2991,0.998381556742
2992,0.998382747827
2993,0.998383938069
2994,0.998385127795
2995,0.998386317288
2996,0.998388693742
2997,0.998388693742
2998,0.998389880096
2999,0.998391066122
3000,0.998392248213
3001,0.998393428992
3002,0.998394608928
3003,0.998395784883
3004,0.998396960744
3005,0.99839813623
3006,0.998399311201
3007,0.998400486078
3008,0.998401659877
3009,0.998402833162
3010,0.998404004947
3011,0.998405174578
3012,0.998406344115
3013,0.998407513183
3014,0.998408678505
3015,0.998409839469
3016,0.998410998935
3017,0.998412156855
3018,0.998413314587
3019,0.998414471055
3020,0.998415626539
3021,0.99841678132
3022,0.998417934743
3023,0.998419085543
3024,0.998420234703
3025,0.998421383675
3026,0.998422532601
3027,0.99842368059
3028,0.998424828158
3029,0.998425971275
3030,0.99842711369
3031,0.998428254793
3032,0.998429395474
3033,0.998430532034
3034,0.998431667562
3035,0.998432803044
3036,0.998433936512
3037,0.998435069745
3038,0.998436199465
3039,0.998437328811
3040,0.998438457032
3041,0.998439584691
3042,0.998440711038
3043,0.998441836402
3044,0.998442959658
3045,0.998444082305
3046,0.998445204155
3047,0.998446325631
3048,0.99844744706
3049,0.99844856268
3050,0.998449678254
3051,0.998450793499
3052,0.998451908464
3053,0.998453022491
3054,0.998454135348
3055,0.998455245769
3056,0.998456355627
3057,0.998457465252
3058,0.998458574407
3059,0.998459683001
3060,0.998460790705
3061,0.998461896816
3062,0.998463002834
3063,0.998464107352
3064,0.99846521084
3065,0.998466313906
3066,0.998467415333
3067,0.998468515917
3068,0.998469614205
3069,0.998470710854
3070,0.998471805722
3071,0.998472899842
3072,0.998473992556
3073,0.998475082974
3074,0.998476171379
3075,0.998477259596
3076,0.998478347719
3077,0.998479435608
3078,0.998480520452
3079,0.998481603985
3080,0.998482686815
3081,0.998483768802
3082,0.998484847041
3083,0.998485925046
3084,0.998487002349
3085,0.998488079323
3086,0.998489155782
3087,0.998490229244
3088,0.998491302424
3089,0.998492374433
3090,0.998493446021
3091,0.998494517421
3092,0.998495588774
3093,0.998496659706
3094,0.998497728717
3095,0.998498797167
3096,0.998500930036
3097,0.998500930036
3098,0.998501996377
3099,0.99850306225
3100,0.998504127935
3101,0.998505192731
3102,0.998506256636
3103,0.998507320213
3104,0.998508383603
3105,0.998509442918
3106,0.998510501343
3107,0.998511559627
3108,0.998512617864
3109,0.99851367568
3110,0.998514733355
3111,0.998515790983
3112,0.998516847487
3113,0.998517903851
3114,0.99851895998
3115,0.998520015641
3116,0.99852106807
3117,0.998522120311
3118,0.998523172459
3119,0.998524224044
3120,0.998525275161
3121,0.998526323983
3122,0.99852737065
3123,0.998528417223
3124,0.998529463094
3125,0.998530508308
3126,0.998531552867
3127,0.998532596443
3128,0.998533638238
3129,0.998534679565
3130,0.99853572033
3131,0.998536760111
3132,0.998537798627
3133,0.998538836862
3134,0.998540909772
3135,0.998540909772
3136,0.998541945806
3137,0.99854298109
3138,0.998544015062
3139,0.998545048004
3140,0.998546080009
3141,0.998547111405
3142,0.998548141302
3143,0.998549170965
3144,0.998550199972
3145,0.998552255831
3146,0.998552255831
3147,0.998553283667
3148,0.998554308693
3149,0.998555333484
3150,0.998556357197
3151,0.998557379037
3152,0.998558399613
3153,0.998559417799
3154,0.998560435704
3155,0.998561451314
3156,0.998562466689
3157,0.998563481409
3158,0.998564495145
3159,0.998565507242
3160,0.998566516668
3161,0.99856752572
3162,0.99856853421
3163,0.998569542653
3164,0.998570550955
3165,0.99857155818
3166,0.99857256503
3167,0.998573571365
3168,0.998574576576
3169,0.998575581692
3170,0.998576586575
3171,0.998577591177
3172,0.998578594889
3173,0.998579597007
3174,0.998580598799
3175,0.998581598435
3176,0.998582596759
3177,0.998583594335
3178,0.998584589146
3179,0.998585582974
3180,0.998586576333
3181,0.998587568428
3182,0.998588558086
3183,0.998589546855
3184,0.998590535389
3185,0.998591522706
3186,0.998592509882
3187,0.998594483578
3188,0.998594483578
3189,0.99859546902
3190,0.998596454323
3191,0.99859743911
3192,0.998598423756
3193,0.998599408309
3194,0.998600389208
3195,0.998601369451
3196,0.998602349132
3197,0.998603326799
3198,0.998604302732
3199,0.998605278572
3200,0.998606254225
3201,0.998607227769
3202,0.998608201033
3203,0.998609172001
3204,0.998610139549
3205,0.998611106583
3206,0.998612072679
3207,0.998613038495
3208,0.998614003841
3209,0.998614968064
3210,0.998615931444
3211,0.998616894683
3212,0.998617857125
3213,0.998618817601
3214,0.998620734335
3215,0.998620734335
3216,0.998621691485
3217,0.998622648494
3218,0.998623605456
3219,0.998624562183
3220,0.998625517272
3221,0.998626471751
3222,0.998627425996
3223,0.998628380054
3224,0.998629333971
3225,0.998630286998
3226,0.998631238901
3227,0.998632190101
3228,0.998633141114
3229,0.998634089785
3230,0.998635038034
3231,0.998635984457
3232,0.998636928911
3233,0.998637873085
3234,0.998638815338
3235,0.998639754172
3236,0.998640692397
3237,0.998641627811
3238,0.998642562522
3239,0.998643497046
3240,0.998644425621
3241,0.998645348528
3242,0.998646271107
3243,0.998647193358
3244,0.998648115563
3245,0.998649037486
3246,0.998649958191
3247,0.99865087885
3248,0.998651798196
3249,0.998652717122
3250,0.998654552536
3251,0.998654552536
3252,0.998655470103
3253,0.998656386874
3254,0.998657302473
3255,0.998658217323
3256,0.998659132079
3257,0.998660046133
3258,0.99866095953
3259,0.9986618726
3260,0.998662783843
3261,0.998663693962
3262,0.99866460394
3263,0.998665511342
3264,0.998666417104
3265,0.998667322819
3266,0.99866822727
3267,0.998669131533
3268,0.998670035422
3269,0.998670938374
3270,0.998671841138
3271,0.998672742403
3272,0.998673643575
3273,0.998674542966
3274,0.998675442077
3275,0.998676338424
3276,0.998677233974
3277,0.998678128775
3278,0.998679023154
3279,0.998679916737
3280,0.998680809758
3281,0.99868170217
3282,0.998682594442
3283,0.998683484324
3284,0.998684369475
3285,0.998685254533
3286,0.998686139356
3287,0.998687022774
3288,0.998687905817
3289,0.998688787783
3290,0.998689668203
3291,0.998690548389
3292,0.998691428388
3293,0.998692308246
3294,0.998693186651
3295,0.99869406501
3296,0.99869494262
3297,0.998695819995
3298,0.998696696761
3299,0.998697573012
3300,0.998698447952
3301,0.998699321954
3302,0.998701069865
3303,0.998701069865
3304,0.998701940683
3305,0.998702811312
3306,0.998703679366
3307,0.998704547232
3308,0.998705413646
3309,0.998706279591
3310,0.99870714474
3311,0.998708008953
3312,0.998708868668
3313,0.998709727727
3314,0.998710584726
3315,0.998711441584
3316,0.998712298301
3317,0.998713154409
3318,0.998714010237
3319,0.998714864893
3320,0.998715719455
3321,0.998716573877
3322,0.998717427831
3323,0.998718280285
3324,0.998719132037
3325,0.998719983602
3326,0.998720834651
3327,0.998721685607
3328,0.998722535626
3329,0.998723385129
3330,0.998724234445
3331,0.998725082215
3332,0.998725929658
3333,0.99872677696
3334,0.998727624168
3335,0.998728470767
3336,0.99872931568
3337,0.998730160499
3338,0.998731004147
3339,0.998731847514
3340,0.998732690038
3341,0.998733531718
3342,0.998734372649
3343,0.998736054324
3344,0.998736054324
3345,0.998736894646
3346,0.998737732908
3347,0.998738570841
3348,0.998739406432
3349,0.998740241742
3350,0.998741075553
3351,0.998741907818
3352,0.998742738631
3353,0.998743568179
3354,0.998744397446
3355,0.998746054762
3356,0.998746054762
3357,0.998746882952
3358,0.998747711095
3359,0.99874853357
3360,0.998749355389
3361,0.998750176271
3362,0.998750995795
3363,0.998751814241
3364,0.998752632125
3365,0.998753448089
3366,0.998754263584
3367,0.998755078986
3368,0.998755894247
3369,0.998756709461
3370,0.998757524347
3371,0.998758337781
3372,0.998759151122
3373,0.998759964415
3374,0.998760777568
3375,0.998761590628
3376,0.998762402469
3377,0.99876321328
3378,0.998764023014
3379,0.998764831295
3380,0.998765639014
3381,0.998766446593
3382,0.998767253797
3383,0.998768059455
3384,0.998768864972
3385,0.998769670162
3386,0.998770475258
3387,0.998771279511
3388,0.998772083717
3389,0.998772887736
3390,0.998773689646
3391,0.998774491323
3392,0.998775291734
3393,0.998776091537
3394,0.998776889044
3395,0.998777686458
3396,0.99877848345
3397,0.998779280021
3398,0.998780076498
3399,0.998780872928
3400,0.998781668561
3401,0.998782463633
3402,0.998783257346
3403,0.998784050731
3404,0.998784843788
3405,0.998786429528
3406,0.998786429528
3407,0.998787222164
3408,0.998788014518
3409,0.998788806639
3410,0.998790384884
3411,0.998790384884
3412,0.998791173116
3413,0.998791961208
3414,0.998792748269
3415,0.998793534815
3416,0.998794321314
3417,0.998795106315
3418,0.998795890237
3419,0.99879667402
3420,0.99879745546
3421,0.998798236853
3422,0.998799017731
3423,0.998799798515
3424,0.998800578972
3425,0.99880135896
3426,0.99880213862
3427,0.998802917952
3428,0.998803696535
3429,0.998804473431
3430,0.998805250093
3431,0.998806026521
3432,0.998806802855
3433,0.998807576941
3434,0.998808350558
3435,0.998809123426
3436,0.998810665883
3437,0.998810665883
3438,0.998811436034
3439,0.998812203702
3440,0.998812969965
3441,0.998813734775
3442,0.998814499399
3443,0.998815263366
3444,0.998816026069
3445,0.998816788678
3446,0.998817550163
3447,0.99881830954
3448,0.998819067652
3449,0.998819825343
3450,0.998820582846
3451,0.998821339506
3452,0.998822095417
3453,0.998822850531
3454,0.998823604989
3455,0.998824358042
3456,0.998825110861
3457,0.998825863493
3458,0.998826615983
3459,0.998827367912
3460,0.998828117967
3461,0.998828867929
3462,0.998830361294
3463,0.998830361294
3464,0.998831107882
3465,0.998832599654
3466,0.998832599654
3467,0.998833345072
3468,0.998834089365
3469,0.998834832909
3470,0.998835576078
3471,0.998836318264
3472,0.998837060309
3473,0.998837801745
3474,0.998838541963
3475,0.998839281993
3476,0.998840021181
3477,0.998840760228
3478,0.998841496511
3479,0.998842231764
3480,0.998842966595
3481,0.998843701238
3482,0.998844433821
3483,0.99884516378
3484,0.998846623418
3485,0.998846623418
3486,0.998847351784
3487,0.998848079917
3488,0.998848807581
3489,0.998849534495
3490,0.998850261222
3491,0.998850987106
3492,0.998851712381
3493,0.998852436111
3494,0.998853159699
3495,0.998853883054
3496,0.998854605518
3497,0.998855327748
3498,0.998856049557
3499,0.998856770897
3500,0.998857490317
3501,0.99885820908
3502,0.998858926626
3503,0.998859644031
3504,0.998860360922
3505,0.998861077484
3506,0.998861793905
3507,0.998862510186
3508,0.998863225671
3509,0.998863940922
3510,0.998864656078
3511,0.998865370907
3512,0.998866084799
3513,0.998866798504
3514,0.99886751085
3515,0.998868222962
3516,0.998868933482
3517,0.998869643533
3518,0.998870352881
3519,0.998871062042
3520,0.998871768954
3521,0.99887247493
3522,0.998873179219
3523,0.99887388318
3524,0.998874587048
3525,0.998875290869
3526,0.998875994362
3527,0.998876697386
3528,0.998877396429
3529,0.998878094769
3530,0.998878793062
3531,0.998879490793
3532,0.998880188196
3533,0.998880884991
3534,0.998881581316
3535,0.998882277549
3536,0.998882973031
3537,0.998883668467
3538,0.998884363856
3539,0.998885057887
3540,0.998885751214
3541,0.998887136277
3542,0.998887136277
3543,0.998887828715
3544,0.998888520872
3545,0.998889212795
3546,0.99888990289
3547,0.998890592705
3548,0.998891282332
3549,0.998892661305
3550,0.998892661305
3551,0.998894038593
3552,0.998894038593
3553,0.998894724847
3554,0.998895410586
3555,0.998896095529
3556,0.998896780097
3557,0.998897463869
3558,0.998898145439
3559,0.998898826494
3560,0.998899507502
3561,0.998900186684
3562,0.998900864225
3563,0.998901540736
3564,0.998902216779
3565,0.99890289226
3566,0.998903567272
3567,0.998904241815
3568,0.998904916265
3569,0.998905590575
3570,0.998906263198
3571,0.998906935727
3572,0.998907608116
3573,0.998908280037
3574,0.998908951817
3575,0.9989096228
3576,0.99891029191
3577,0.998910960833
3578,0.998911629568
3579,0.998912296289
3580,0.998912962494
3581,0.998913628138
3582,0.998914293734
3583,0.998914959237
3584,0.998915623991
3585,0.99891628851
3586,0.99891695242
3587,0.998917614878
3588,0.99891827654
3589,0.998919599114
3590,0.998919599114
3591,0.99892026026
3592,0.998920920704
3593,0.998921578572
3594,0.998922236252
3595,0.998922892995
3596,0.99892354941
3597,0.998924205404
3598,0.998924861351
3599,0.998925516455
3600,0.998926170622
3601,0.998926824648
3602,0.998927478206
3603,0.99892813167
3604,0.998928782933
3605,0.998929434008
3606,0.998930084755
3607,0.99893073494
3608,0.998931384704
3609,0.998932034327
3610,0.998932681374
3611,0.998933326078
3612,0.998933970314
3613,0.998934614363
3614,0.998935257334
3615,0.998935899134
3616,0.998936540044
3617,0.998937180158
3618,0.998937819804
3619,0.998938458606
3620,0.998939096659
3621,0.998939733681
3622,0.99894036986
3623,0.99894100543
3624,0.998941640063
3625,0.998942274322
3626,0.998942908112
3627,0.998943541714
3628,0.998944173958
3629,0.998944805922
3630,0.998945437791
3631,0.998946069286
3632,0.99894733087
3633,0.99894733087
3634,0.998947960819
3635,0.998948590486
3636,0.998949219686
3637,0.998949848745
3638,0.998950477522
3639,0.998951105691
3640,0.998951733626
3641,0.998952361467
3642,0.998952988324
3643,0.998953614947
3644,0.998954241055
3645,0.998954866741
3646,0.998955492193
3647,0.998956117036
3648,0.998956739771
3649,0.998957362412
3650,0.998957985006
3651,0.998958606945
3652,0.99895922715
3653,0.998959847168
3654,0.998960466812
3655,0.998961086174
3656,0.998961705349
3657,0.998962324383
3658,0.998962942996
3659,0.998963561562
3660,0.998964177879
3661,0.998964793635
3662,0.998965409015
3663,0.998966024115
3664,0.998966639027
3665,0.998967252815
3666,0.998967865432
3667,0.998968477814
3668,0.998969090103
3669,0.99896970169
3670,0.998970313089
3671,0.998970923738
3672,0.99897153434
3673,0.998972143631
3674,0.998972752876
3675,0.998973362026
3676,0.998973970895
3677,0.998974579718
3678,0.998975188259
3679,0.998975796567
3680,0.998976404686
3681,0.998977010745
3682,0.998977616242
3683,0.998978221083
3684,0.998978825877
3685,0.998979430202
3686,0.998980034106
3687,0.998980637776
3688,0.998981241399
3689,0.9989818446
3690,0.998983050816
3691,0.998983050816
3692,0.998983653736
3693,0.998984256188
3694,0.998984858499
3695,0.998985460623
3696,0.998986061904
3697,0.998986662575
3698,0.998987262779
3699,0.998987862842
3700,0.998988462717
3701,0.998989061843
3702,0.99898966036
3703,0.998990258315
3704,0.998990855801
3705,0.998991452913
3706,0.998992049744
3707,0.998992645872
3708,0.998993241578
3709,0.998993836441
3710,0.998994431258
3711,0.998995025652
3712,0.99899561986
3713,0.998996213786
3714,0.998996807431
3715,0.998997400093
3716,0.998997992614
3717,0.998998584198
3718,0.998999175689
3719,0.998999767132
3720,0.999000358342
3721,0.999000949504
3722,0.999001540011
3723,0.999002130237
3724,0.999002719619
3725,0.999003308908
3726,0.999003897729
3727,0.999004485191
3728,0.999005072559
3729,0.999005659318
3730,0.99900624397
3731,0.999006826841
3732,0.99900799249
3733,0.99900799249
3734,0.999008574705
3735,0.999009156593
3736,0.999009738153
3737,0.999010319057
3738,0.999010899445
3739,0.999011479506
3740,0.999012059473
3741,0.999012638269
3742,0.999013216597
3743,0.999013794596
3744,0.999014372268
3745,0.999014949284
3746,0.99901552555
3747,0.999016101629
3748,0.9990172536
3749,0.9990172536
3750,0.999017829492
3751,0.999018403322
3752,0.999018977012
3753,0.999019550328
3754,0.999020693585
3755,0.999020693585
3756,0.99902126409
3757,0.999021833799
3758,0.99902240257
3759,0.999023536647
3760,0.999023536647
3761,0.999024103591
3762,0.999024669505
3763,0.999025235091
3764,0.999025799975
3765,0.999026364249
3766,0.999026928477
3767,0.999027492283
3768,0.999028055855
3769,0.999028619005
3770,0.999029181687
3771,0.999029743292
3772,0.999030303819
3773,0.999030863643
3774,0.999031423093
3775,0.999031982121
3776,0.999032540774
3777,0.999033099147
3778,0.999033657472
3779,0.999034214954
3780,0.999034772296
3781,0.99903532945
3782,0.999036442728
3783,0.999036442728
3784,0.999036999086
3785,0.999037553992
3786,0.999038108851
3787,0.999038663523
3788,0.999039217211
3789,0.999039769587
3790,0.999040321448
3791,0.999040872794
3792,0.999041422126
3793,0.999041971223
3794,0.999042520227
3795,0.999043068809
3796,0.999043617344
3797,0.999044713852
3798,0.999044713852
3799,0.999045262012
3800,0.999045809986
3801,0.999046357865
3802,0.999046904995
3803,0.999047451
3804,0.999047996725
3805,0.999048542403
3806,0.999049087471
3807,0.9990496324
3808,0.999050176672
3809,0.999050720757
3810,0.999051263999
3811,0.999051806632
3812,0.999052349124
3813,0.99905288993
3814,0.999053430362
3815,0.999053970418
3816,0.999054510194
3817,0.999055049829
3818,0.999055589417
3819,0.999056128162
3820,0.999056664986
3821,0.999057201623
3822,0.999058274054
3823,0.999058274054
3824,0.999058809848
3825,0.999059345548
3826,0.999059880967
3827,0.999060415683
3828,0.999060949791
3829,0.999061483711
3830,0.999062017116
3831,0.999062550286
3832,0.999063083316
3833,0.999063616065
3834,0.999064148533
3835,0.999064679736
3836,0.999065210658
3837,0.999065740925
3838,0.999066270488
3839,0.999067329147
3840,0.999067329147
3841,0.999067858102
3842,0.999068386682
3843,0.999068915215
3844,0.999069442905
3845,0.999069970314
3846,0.999070496926
3847,0.999071022461
3848,0.999071547059
3849,0.999072070159
3850,0.999072593117
3851,0.999073115936
3852,0.999073638613
3853,0.999074161244
3854,0.999074682938
3855,0.999075204351
3856,0.999075725389
3857,0.999076246053
3858,0.99907676606
3859,0.999077284756
3860,0.999077803312
3861,0.99907832168
3862,0.999078839767
3863,0.999079356355
3864,0.999079872146
3865,0.999080387001
3866,0.999080901716
3867,0.999081415399
3868,0.999081928943
3869,0.999082441689
3870,0.999082954202
3871,0.999083976979
3872,0.999083976979
3873,0.99908448804
3874,0.999084999053
3875,0.999085509786
3876,0.99908602005
3877,0.999086529612
3878,0.999087039126
3879,0.999087548594
3880,0.999088058015
3881,0.999088566593
3882,0.999089074749
3883,0.999089582578
3884,0.999090089937
3885,0.999091103533
3886,0.999091103533
3887,0.999091609535
3888,0.999092114833
3889,0.999092620038
3890,0.99909312426
3891,0.99909362717
3892,0.999094129986
3893,0.999094631678
3894,0.999095133229
3895,0.999095634733
3896,0.99909613502
3897,0.999096635213
3898,0.999097635224
3899,0.999097635224
3900,0.99909863486
3901,0.99909863486
3902,0.999099133882
3903,0.999099632623
3904,0.999100130708
3905,0.999100628277
3906,0.999101125753
3907,0.999101623089
3908,0.999102120003
3909,0.999102616729
3910,0.999103113268
3911,0.999103609667
3912,0.999104105082
3913,0.999104599934
3914,0.999105094178
3915,0.999105587813
3916,0.99910608112
3917,0.999106573911
3918,0.999107064783
3919,0.999107555092
3920,0.999108044932
3921,0.999108534351
3922,0.999109023301
3923,0.999109511924
3924,0.999110000125
3925,0.999110487904
3926,0.999110975028
3927,0.999111461871
3928,0.999111948198
3929,0.999112434385
3930,0.999113406009
3931,0.999113406009
3932,0.999113891539
3933,0.999114376742
3934,0.999114861477
3935,0.999115346024
3936,0.999115830244
3937,0.999116314041
3938,0.999116796996
3939,0.999117279482
3940,0.9991177615
3941,0.999118243049
3942,0.999118724504
3943,0.999119686666
3944,0.999119686666
3945,0.999120167513
3946,0.999120647938
3947,0.999121127941
3948,0.999121606492
3949,0.99912208331
3950,0.999123036572
3951,0.999123036572
3952,0.999123513156
3953,0.999123988709
3954,0.999124463888
3955,0.999124937473
3956,0.999125410638
3957,0.999125883427
3958,0.999126355889
3959,0.99912682821
3960,0.999127300484
3961,0.999127772431
3962,0.999128243955
3963,0.999128715246
3964,0.999129186209
3965,0.999129656609
3966,0.999130126588
3967,0.999130596426
3968,0.999131066078
3969,0.999131535448
3970,0.99913200449
3971,0.999132473485
3972,0.999133410913
3973,0.999133410913
3974,0.999133878925
3975,0.999134346468
3976,0.999134813308
3977,0.999135279774
3978,0.999135746146
3979,0.999136212096
3980,0.999136677859
3981,0.999137143201
3982,0.999137607746
3983,0.999138071588
3984,0.999138535244
3985,0.999138998758
3986,0.999139461851
3987,0.999139924288
3988,0.999140386491
3989,0.999140848226
3990,0.999141309867
3991,0.999141771414
3992,0.999142232165
3993,0.9991426924
3994,0.999143612778
3995,0.999143612778
3996,0.999144072685
3997,0.999144532171
3998,0.999144991142
3999,0.999145907772
4000,0.999145907772
4001,0.999146365665
4002,0.999146822715
4003,0.999147279016
4004,0.999147734942
4005,0.999148190821
4006,0.999148646185
4007,0.999149101221
4008,0.999149555367
4009,0.999150009466
4010,0.999150463518
4011,0.999150917524
4012,0.999151370686
4013,0.999151823661
4014,0.999152276589
4015,0.999152728954
4016,0.999153180664
4017,0.999153632093
4018,0.999154083288
4019,0.999154534155
4020,0.99915498371
4021,0.999155432938
4022,0.999155882118
4023,0.999156330643
4024,0.999156777997
4025,0.999157225022
4026,0.999157671954
4027,0.999158118652
4028,0.999158565256
4029,0.999159010689
4030,0.999159455935
4031,0.999159900291
4032,0.999160344318
4033,0.999160788018
4034,0.999161231624
4035,0.999161674762
4036,0.999162117572
4037,0.999162559679
4038,0.999163001646
4039,0.999163443519
4040,0.999163884502
4041,0.999164324548
4042,0.999164764453
4043,0.999165204265
4044,0.999165643702
4045,0.999166522483
4046,0.999166522483
4047,0.999166961639
4048,0.999167400326
4049,0.999167838827
4050,0.999168276952
4051,0.999168714188
4052,0.999169150908
4053,0.999169587581
4054,0.999170024067
4055,0.999170459757
4056,0.999170895165
4057,0.999171329918
4058,0.999171764249
4059,0.999172197035
4060,0.999172629726
4061,0.999173061528
4062,0.999173492393
4063,0.999173923117
4064,0.999174353701
4065,0.999174784144
4066,0.999175644187
4067,0.999175644187
4068,0.999176074162
4069,0.999176503621
4070,0.999176932753
4071,0.999177361791
4072,0.999177790454
4073,0.999178217009
4074,0.999179069651
4075,0.999179069651
4076,0.999179495785
4077,0.999179921216
4078,0.999180346413
4079,0.999181196338
4080,0.999181196338
4081,0.999181621113
4082,0.999182470288
4083,0.999182470288
4084,0.999182894829
4085,0.999183319136
4086,0.999184165782
4087,0.999184165782
4088,0.999184588543
4089,0.999185011116
4090,0.999185433034
4091,0.999185854905
4092,0.999186276729
4093,0.999186698459
4094,0.999187120049
4095,0.999187541451
4096,0.999187962479
4097,0.999188383038
4098,0.999189222471
4099,0.999189222471
4100,0.999189641999
4101,0.999190061247
4102,0.999190480307
4103,0.999190898477
4104,0.999191316507
4105,0.999191734349
4106,0.999192151395
4107,0.999192982021
4108,0.999192982021
4109,0.9991933971
4110,0.99919381185
4111,0.999194226554
4112,0.999194640836
4113,0.999195054744
4114,0.999195468464
4115,0.999195881903
4116,0.999196294546
4117,0.999196707048
4118,0.999197119363
4119,0.999197530928
4120,0.999197942447
4121,0.999198353637
4122,0.999198764641
4123,0.99919917541
4124,0.999199586132
4125,0.999199996385
4126,0.999200406311
4127,0.999200816143
4128,0.999201225507
4129,0.999201634637
4130,0.999202043626
4131,0.999202452474
4132,0.999202861276
4133,0.999203269843
4134,0.99920367827
4135,0.999204086415
4136,0.999204494421
4137,0.999204901911
4138,0.999205308979
4139,0.999205715579
4140,0.999206121289
4141,0.999206526437
4142,0.999206931538
4143,0.999207336404
4144,0.999207741037
4145,0.999208144592
4146,0.99920854796
4147,0.99920895114
4148,0.99920935418
4149,0.999209756752
4150,0.999210158995
4151,0.999210560958
4152,0.999210962686
4153,0.99921136432
4154,0.99921176544
4155,0.999212166512
4156,0.999212567397
4157,0.999212967907
4158,0.99921336823
4159,0.999213768225
4160,0.999214168174
4161,0.999214567888
4162,0.99921496732
4163,0.999215366707
4164,0.999215765812
4165,0.999216164542
4166,0.999216562101
4167,0.99921695952
4168,0.999217356891
4169,0.999217754123
4170,0.99921815112
4171,0.999218944646
4172,0.999218944646
4173,0.999219341362
4174,0.999219738031
4175,0.999220134653
4176,0.999220531228
4177,0.999220927429
4178,0.999221323489
4179,0.999221719128
4180,0.999222114345
4181,0.999222509328
4182,0.999222903467
4183,0.999223297279
4184,0.999223690435
4185,0.999224083357
4186,0.999224475951
4187,0.999224867654
4188,0.999225258937
4189,0.999225649938
4190,0.999226040658
4191,0.999226431284
4192,0.999226821817
4193,0.999227212068
4194,0.999227602133
4195,0.999227992056
4196,0.99922838184
4197,0.999228771342
4198,0.999229160797
4199,0.999229549924
4200,0.999229938864
4201,0.999230327383
4202,0.999230715761
4203,0.999231103998
4204,0.999231492189
4205,0.999231880145
4206,0.999232266977
4207,0.999232653434
4208,0.999233039704
4209,0.99923342574
4210,0.999233810839
4211,0.999234195563
4212,0.999234579772
4213,0.999234963372
4214,0.999235346128
4215,0.999235728838
4216,0.999236110658
4217,0.999236491916
4218,0.999236872752
4219,0.999237252183
4220,0.999237631239
4221,0.999238010108
4222,0.999238388789
4223,0.999238767283
4224,0.999239145543
4225,0.999239523756
4226,0.999239901453
4227,0.999240278917
4228,0.999240656239
4229,0.999241033141
4230,0.999241409995
4231,0.999241786615
4232,0.999242163048
4233,0.999242538919
4234,0.999243290286
4235,0.999243290286
4236,0.999243665688
4237,0.999244416305
4238,0.999244416305
4239,0.999244791239
4240,0.999245165939
4241,0.999245540076
4242,0.999245914167
4243,0.999246287977
4244,0.999246661505
4245,0.99924703494
4246,0.999247408047
4247,0.99924778106
4248,0.999248153699
4249,0.99924852615
4250,0.99924889832
4251,0.999249270303
4252,0.999250013987
4253,0.999250013987
4254,0.999250385408
4255,0.999250756454
4256,0.999251498452
4257,0.999251498452
4258,0.999251868982
4259,0.999252238951
4260,0.999252608779
4261,0.999252978513
4262,0.999253348154
4263,0.999253717747
4264,0.999254087201
4265,0.999254455061
4266,0.999254822781
4267,0.999255190407
4268,0.99925555794
4269,0.999255924161
4270,0.999256289679
4271,0.999256655151
4272,0.999257020295
4273,0.999257384736
4274,0.999258112962
4275,0.999258112962
4276,0.999258476747
4277,0.99925884011
4278,0.999259202959
4279,0.99925956562
4280,0.999259927906
4281,0.99926028963
4282,0.999260651026
4283,0.99926101186
4284,0.9992613726
4285,0.999261733294
4286,0.999262093332
4287,0.999262452479
4288,0.99926281158
4289,0.999263170587
4290,0.999263529407
4291,0.999263887852
4292,0.999264245454
4293,0.999264602681
4294,0.999264959814
4295,0.99926531662
4296,0.999265673191
4297,0.999266386053
4298,0.999266386053
4299,0.999266741968
4300,0.99926745305
4301,0.99926745305
4302,0.999267808309
4303,0.999268163335
4304,0.999268518126
4305,0.999268872402
4306,0.999269226537
4307,0.999269580626
4308,0.999269934293
4309,0.999270287819
4310,0.999270641205
4311,0.999270994217
4312,0.999271699115
4313,0.999271699115
4314,0.999272051049
4315,0.999272754822
4316,0.999272754822
4317,0.999273457847
4318,0.999273457847
4319,0.99927416059
4320,0.99927416059
4321,0.999274511681
4322,0.999274862678
4323,0.99927521344
4324,0.999275563828
4325,0.999275914123
4326,0.99927626437
4327,0.999276614571
4328,0.999276964725
4329,0.999277314785
4330,0.999277663908
4331,0.999278012516
4332,0.99927836103
4333,0.999278709169
4334,0.999279057168
4335,0.999279404793
4336,0.999279752323
4337,0.999280099619
4338,0.999280446401
4339,0.999280792807
4340,0.999281139166
4341,0.999281830761
4342,0.999281830761
4343,0.999282176371
4344,0.999282521325
4345,0.999282866139
4346,0.999283210765
4347,0.999283555157
4348,0.999283899455
4349,0.999284243473
4350,0.999284587302
4351,0.999284930242
4352,0.999285272854
4353,0.999285615419
4354,0.999285957891
4355,0.999286300081
4356,0.999286641991
4357,0.999286983713
4358,0.999287324076
4359,0.999287664346
4360,0.999288004241
4361,0.999288343902
4362,0.999288683422
4363,0.999289022896
4364,0.999289361854
4365,0.999289700625
4366,0.999290039114
4367,0.99929037751
4368,0.999290715672
4369,0.999291053038
4370,0.999291727113
4371,0.999291727113
4372,0.999292064104
4373,0.999292400814
4374,0.999292737149
4375,0.999293073015
4376,0.999293408554
4377,0.999293744046
4378,0.999294077898
4379,0.999294411563
4380,0.999294744478
4381,0.999295076972
4382,0.999295409372
4383,0.999295741585
4384,0.999296073751
4385,0.999296405729
4386,0.999296737661
4387,0.999297069171
4388,0.99929740026
4389,0.999297731067
4390,0.999298061828
4391,0.999298392354
4392,0.99929872274
4393,0.999299383043
4394,0.999299383043
4395,0.999299712539
4396,0.999300041895
4397,0.999300371203
4398,0.999300700465
4399,0.999301029633
4400,0.999301358426
4401,0.999301686798
4402,0.999302015122
4403,0.999302343213
4404,0.999302670976
4405,0.999302998504
4406,0.999303325892
4407,0.999303980199
4408,0.999303980199
4409,0.999304307166
4410,0.999304959974
4411,0.999304959974
4412,0.999305286191
4413,0.999305612267
4414,0.999305938297
4415,0.999306264232
4416,0.99930658984
4417,0.999307238714
4418,0.999307238714
4419,0.99930756301
4420,0.999307886931
4421,0.999308534681
4422,0.999308534681
4423,0.999308857806
4424,0.999309180275
4425,0.999309502323
4426,0.999309824277
4427,0.999310146044
4428,0.999310467061
4429,0.999310787985
4430,0.99931110755
4431,0.999311426974
4432,0.999311745743
4433,0.999312064371
4434,0.999312382812
4435,0.999312701159
4436,0.999313019272
4437,0.999313337338
4438,0.999313655264
4439,0.999313973142
4440,0.999314290927
4441,0.999314608666
4442,0.999314926123
4443,0.999315243252
4444,0.999315560334
4445,0.999315877276
4446,0.999316193703
4447,0.999316509989
4448,0.999316826228
4449,0.999317142186
4450,0.999317457348
4451,0.999317772275
4452,0.999318087063
4453,0.999318401662
4454,0.999318716075
4455,0.999319344524
4456,0.999319344524
4457,0.999319657625
4458,0.999319970398
4459,0.999320283077
4460,0.999320595616
4461,0.999320907873
4462,0.99932121985
4463,0.999321531498
4464,0.9993218431
4465,0.999322154327
4466,0.99932246532
4467,0.999322776031
4468,0.999323086602
4469,0.999323397127
4470,0.999323707604
4471,0.999324017707
4472,0.999324327622
4473,0.99932463735
4474,0.999324946563
4475,0.999325255729
4476,0.999325873592
4477,0.999325873592
4478,0.999326182336
4479,0.999326490987
4480,0.999326799497
4481,0.999327107913
4482,0.999327416236
4483,0.999327723856
4484,0.999328031242
4485,0.999328338206
4486,0.999328645077
4487,0.99932895176
4488,0.999329257647
4489,0.999329868952
4490,0.999329868952
4491,0.999330174323
4492,0.999330478899
4493,0.999330782958
4494,0.99933108655
4495,0.999331389907
4496,0.999331693218
4497,0.999331996481
4498,0.999332298949
4499,0.999332903508
4500,0.999332903508
4501,0.999333205648
4502,0.999333507693
4503,0.999333809692
4504,0.99933411141
4505,0.999334412894
4506,0.99933501558
4507,0.99933501558
4508,0.999335316642
4509,0.999335617516
4510,0.99933591825
4511,0.999336218891
4512,0.99933651939
4513,0.999337120296
4514,0.999337120296
4515,0.999337420703
4516,0.9993377205
4517,0.999338020063
4518,0.999338318829
4519,0.999338617549
4520,0.999338916175
4521,0.999339214755
4522,0.999339512772
4523,0.999340108431
4524,0.999340108431
4525,0.999340406121
4526,0.999340703482
4527,0.999341000609
4528,0.999341297455
4529,0.99934159388
4530,0.999341890163
4531,0.99934218626
4532,0.999342482263
4533,0.999342777985
4534,0.999343073519
4535,0.999343369007
4536,0.999343664026
4537,0.999343958858
4538,0.999344253362
4539,0.999344547585
4540,0.999345135655
4541,0.999345135655
4542,0.999345429597
4543,0.999345723492
4544,0.99934601734
4545,0.999346311142
4546,0.999346604709
4547,0.999346897479
4548,0.999347190156
4549,0.999347482786
4550,0.99934777537
4551,0.999348067532
4552,0.999348651199
4553,0.999348651199
4554,0.999348942986
4555,0.999349234071
4556,0.999349525108
4557,0.999349815958
4558,0.999350106621
4559,0.999350397237
4560,0.999350687712
4561,0.999350978
4562,0.999351268241
4563,0.99935184863
4564,0.99935184863
4565,0.999352138637
4566,0.999352428597
4567,0.99935271851
4568,0.99935300833
4569,0.999353297775
4570,0.999353587079
4571,0.999353876149
4572,0.999354165032
4573,0.999354742235
4574,0.999354742235
4575,0.999355030696
4576,0.999355607056
4577,0.999355607056
4578,0.999355894862
4579,0.999356182433
4580,0.99935646902
4581,0.999356755561
4582,0.999357041867
4583,0.999357328033
4584,0.999357613964
4585,0.999357899474
4586,0.999358469089
4587,0.999358469089
4588,0.999358753803
4589,0.999359038329
4590,0.999359322715
4591,0.99935960696
4592,0.999359890971
4593,0.999360174935
4594,0.999360458196
4595,0.999360741177
4596,0.999361306201
4597,0.999361306201
4598,0.999361588619
4599,0.999361870944
4600,0.999362153175
4601,0.999362434282
4602,0.999362715154
4603,0.999363276805
4604,0.999363276805
4605,0.999363557584
4606,0.999363838269
4607,0.999364118814
4608,0.999364399124
4609,0.999364679013
4610,0.999365238697
4611,0.999365238697
4612,0.999365518351
4613,0.999365797631
4614,0.999366076817
4615,0.999366635002
4616,0.999366635002
4617,0.999366913954
4618,0.999367192766
4619,0.999367470734
4620,0.999367748655
4621,0.99936802653
4622,0.999368303889
4623,0.99936858092
4624,0.999368857717
4625,0.999369134187
4626,0.999369410609
4627,0.999369686985
4628,0.999369963266
4629,0.999370515549
4630,0.999370515549
4631,0.999371067363
4632,0.999371067363
4633,0.999371619084
4634,0.999371619084
4635,0.999371894429
4636,0.999372169727
4637,0.999372444978
4638,0.999372720136
4639,0.999372995247
4640,0.999373270123
4641,0.999373819783
4642,0.999373819783
4643,0.999374094097
4644,0.999374642539
4645,0.999374642539
4646,0.999374916666
4647,0.999375190512
4648,0.999375464311
4649,0.999375737642
4650,0.999376284116
4651,0.999376284116
4652,0.999376557306
4653,0.999376830402
4654,0.999377103452
4655,0.999377376361
4656,0.999377922086
4657,0.999377922086
4658,0.999378194901
4659,0.999378467529
4660,0.999378739783
4661,0.999379011521
4662,0.999379283118
4663,0.999379825845
4664,0.999379825845
4665,0.999380096599
4666,0.999380367213
4667,0.999380637733
4668,0.999380907691
4669,0.999381177227
4670,0.999381446717
4671,0.99938171541
4672,0.999381983916
4673,0.999382252328
4674,0.999382520647
4675,0.999382788403
4676,0.999383056066
4677,0.999383323541
4678,0.999383590876
4679,0.999383857883
4680,0.999384124843
4681,0.999384391569
4682,0.999384658201
4683,0.999384924692
4684,0.99938519109
4685,0.999385457348
4686,0.999385723418
4687,0.999385989394
4688,0.999386254714
4689,0.999386519801
4690,0.999386784559
4691,0.999387049224
4692,0.999387313842
4693,0.999387578366
4694,0.999387842469
4695,0.999388370299
4696,0.999388370299
4697,0.999388634074
4698,0.999388897614
4699,0.999389161061
4700,0.999389687392
4701,0.999389687392
4702,0.999389950324
4703,0.999390213115
4704,0.999390475578
4705,0.9993907379
4706,0.999391000036
4707,0.999391261983
4708,0.999391523884
4709,0.999391785551
4710,0.999392047077
4711,0.999392569849
4712,0.999392569849
4713,0.999392831
4714,0.999393091871
4715,0.999393352507
4716,0.999393612534
4717,0.999393872514
4718,0.999394131979
4719,0.999394391163
4720,0.99939465016
4721,0.99939490911
4722,0.999395426729
4723,0.999395426729
4724,0.999395685397
4725,0.999395943551
4726,0.999396201611
4727,0.999396459343
4728,0.999396716887
4729,0.999396974057
4730,0.99939723118
4731,0.999397488209
4732,0.99939774491
4733,0.999398001518
4734,0.999398257704
4735,0.999398513562
4736,0.999398769233
4737,0.999399024857
4738,0.999399280387
4739,0.999399535168
4740,0.999399789902
4741,0.999400044449
4742,0.999400298855
4743,0.999400553026
4744,0.999400806964
4745,0.999401060761
4746,0.999401568168
4747,0.999401568168
4748,0.999401821778
4749,0.99940207534
4750,0.999402581904
4751,0.999402581904
4752,0.999402835092
4753,0.999403088186
4754,0.999403341093
4755,0.999403846533
4756,0.999403846533
4757,0.999404099206
4758,0.999404351832
4759,0.999404603895
4760,0.999404855912
4761,0.999405107695
4762,0.999405359291
4763,0.999405610839
4764,0.999405862341
4765,0.999406113562
4766,0.999406615347
4767,0.999406615347
4768,0.999407117039
4769,0.999407117039
4770,0.999407367698
4771,0.999407618216
4772,0.999408118596
4773,0.999408118596
4774,0.999408618133
4775,0.999408618133
4776,0.999408867714
4777,0.999409117202
4778,0.999409365846
4779,0.999409614443
4780,0.999410111545
4781,0.999410111545
4782,0.999410360002
4783,0.999410608271
4784,0.999410855932
4785,0.999411103358
4786,0.999411350644
4787,0.999411597696
4788,0.999411844607
4789,0.999412091471
4790,0.999412338195
4791,0.999412831455
4792,0.999412831455
4793,0.999413078038
4794,0.999413570549
4795,0.999413570549
4796,0.999414062778
4797,0.999414062778
4798,0.999414308518
4799,0.999414554024
4800,0.99941479864
4801,0.999415043021
4802,0.999415287262
4803,0.999415531316
4804,0.999416019048
4805,0.999416019048
4806,0.999416262868
4807,0.999416506547
4808,0.999416750085
4809,0.99941699353
4810,0.999417236881
4811,0.99941747981
4812,0.999417965575
4813,0.999417965575
4814,0.999418208271
4815,0.999418450638
4816,0.999418692584
4817,0.999418934201
4818,0.999419175679
4819,0.999419417015
4820,0.999419658305
4821,0.999420140604
4822,0.999420140604
4823,0.999420622809
4824,0.999420622809
4825,0.999420863724
4826,0.999421104405
4827,0.999421344992
4828,0.999421585439
4829,0.999421825839
4830,0.999422065817
4831,0.999422305608
4832,0.999422545352
4833,0.999422785049
4834,0.999423024606
4835,0.999423263741
4836,0.999423502783
4837,0.999423741777
4838,0.999423980444
4839,0.99942421897
4840,0.999424457403
4841,0.999424695741
4842,0.999424933986
4843,0.999425171904
4844,0.999425647176
4845,0.999425647176
4846,0.999425884718
4847,0.999426122214
4848,0.999426597111
4849,0.999426597111
4850,0.999426834513
4851,0.999427071634
4852,0.999427308661
4853,0.999427782247
4854,0.999427782247
4855,0.999428018993
4856,0.999428255552
4857,0.999428491502
4858,0.999428727264
4859,0.999428962933
4860,0.999429198227
4861,0.999429433287
4862,0.999429668299
4863,0.999429903265
4864,0.999430138185
4865,0.999430372308
4866,0.999430606149
4867,0.999431073646
4868,0.999431073646
4869,0.999431307347
4870,0.999431540954
4871,0.999431773813
4872,0.99943200653
4873,0.999432239201
4874,0.999432704261
4875,0.999432704261
4876,0.999432936745
4877,0.999433168994
4878,0.999433401149
4879,0.999433633258
4880,0.999433865132
4881,0.999434328225
4882,0.999434328225
4883,0.999434559584
4884,0.999435253381
4885,0.999435253381
4886,0.999435253381
4887,0.999435484506
4888,0.999435946662
4889,0.999435946662
4890,0.999436177552
4891,0.999436408115
4892,0.999436638631
4893,0.9994368691
4894,0.999437329476
4895,0.999437329476
4896,0.99943755943
4897,0.999437789009
4898,0.999438248074
4899,0.999438248074
4900,0.999438477512
4901,0.999438706904
4902,0.999438936202
4903,0.999439165312
4904,0.999439394048
4905,0.999439622737
4906,0.99943985138
4907,0.999440308477
4908,0.999440308477
4909,0.999440536931
4910,0.999440765293
4911,0.999441221827
4912,0.999441221827
4913,0.999441449908
4914,0.999441677894
4915,0.999441905787
4916,0.999442133633
4917,0.999442361151
4918,0.999442588106
4919,0.999442814828
4920,0.999443041503
4921,0.999443267896
4922,0.999443494197
4923,0.999443946422
4924,0.999443946422
4925,0.999444172394
4926,0.999444624151
4927,0.999444624151
4928,0.999444849889
4929,0.99944507558
4930,0.999445301224
4931,0.999445526822
4932,0.999445977829
4933,0.999445977829
4934,0.999446202911
4935,0.999446427899
4936,0.999446652841
4937,0.999446877642
4938,0.999447102349
4939,0.999447326869
4940,0.999447775722
4941,0.999447775722
4942,0.999448000055
4943,0.99944822434
4944,0.99944844797
4945,0.999448671319
4946,0.999448894621
4947,0.999449117689
4948,0.99944934071
4949,0.999449563684
4950,0.999449786612
4951,0.999450009352
4952,0.999450231764
4953,0.999450453942
4954,0.999450675745
4955,0.999450897454
4956,0.99945111907
4957,0.99945156202
4958,0.99945156202
4959,0.999451783261
4960,0.999452004408
4961,0.999452225462
4962,0.999452446281
4963,0.999452667007
4964,0.999452887498
4965,0.999453107521
4966,0.999453327451
4967,0.999453547052
4968,0.99945376642
4969,0.999453985459
4970,0.999454204264
4971,0.999454641218
4972,0.999454641218
4973,0.999454859368
4974,0.999455295292
4975,0.999455295292
4976,0.999455513207
4977,0.999455730747
4978,0.99945594824
4979,0.999456165687
4980,0.99945638304
4981,0.999456600346
4982,0.999456817184
4983,0.999457250766
4984,0.999457250766
4985,0.99945746751
4986,0.999457683738
4987,0.99945789992
4988,0.999458116055
4989,0.999458331909
4990,0.999458547669
4991,0.999458979096
4992,0.999458979096
4993,0.999459194341
4994,0.999459409493
4995,0.999459624316
4996,0.999459839093
4997,0.999460053822
4998,0.999460268459
4999,0.999460482907
5000,0.999460697309
