count,frac
1,0.0872272534711
2,0.154614787742
3,0.220665630962
4,0.242875568106
5,0.262363321115
6,0.279477868832
7,0.296248857166
8,0.311404309937
9,0.326067039989
10,0.338442778526
11,0.350214768305
12,0.361786111322
13,0.37325002919
14,0.384570998562
15,0.395114698091
16,0.405626823456
17,0.415776141776
18,0.425910221265
19,0.435917805177
20,0.445568697869
21,0.454397795067
22,0.46319507387
23,0.471871237708
24,0.480453692512
25,0.488954008331
26,0.497285797352
27,0.505607355053
28,0.513698491306
29,0.521197922006
30,0.528351633664
31,0.535199626715
32,0.542005592633
33,0.548600630775
34,0.554877226562
35,0.560913158068
36,0.566654452631
37,0.572341678713
38,0.577920019993
39,0.58336507319
40,0.58868519007
41,0.593887458323
42,0.599015594629
43,0.604138308133
44,0.609252340294
45,0.614306113424
46,0.619359709473
47,0.624391037906
48,0.6294053619
49,0.63436896063
50,0.639317190171
51,0.644174775647
52,0.648859242629
53,0.653282788591
54,0.657678656982
55,0.662020959761
56,0.666325111278
57,0.670595284074
58,0.674854183789
59,0.679001955704
60,0.683060405718
61,0.687017041313
62,0.690929790575
63,0.69477768183
64,0.698601648307
65,0.702398868077
66,0.706121596242
67,0.709601136798
68,0.713021285678
69,0.716406890724
70,0.719747541826
71,0.723005752668
72,0.72599930433
73,0.728986777901
74,0.731954028233
75,0.734903405137
76,0.737843096002
77,0.740716654161
78,0.743413432769
79,0.746096034586
80,0.748771900275
81,0.751416956203
82,0.7540300662
83,0.756609291737
84,0.759138236198
85,0.76164910096
86,0.764155410124
87,0.76659113646
88,0.768860617103
89,0.771119084567
90,0.773367392019
91,0.775585771993
92,0.777769849911
93,0.779949512322
94,0.782081106722
95,0.784209714666
96,0.786336573639
97,0.788457832283
98,0.790558341199
99,0.792658302456
100,0.794752826426
101,0.796843580149
102,0.798903921875
103,0.800939029137
104,0.802930581795
105,0.804920045954
106,0.806865281057
107,0.808729979815
108,0.810493670898
109,0.812248862546
110,0.813943765453
111,0.815605318112
112,0.817264263361
113,0.818899938079
114,0.820531960505
115,0.822147091025
116,0.823746927897
117,0.825336863173
118,0.826841921024
119,0.828346897094
120,0.829797506899
121,0.831245684219
122,0.832687428618
123,0.834113011495
124,0.83552860067
125,0.836930080499
126,0.838320832008
127,0.839700957851
128,0.84108036148
129,0.842455339722
130,0.843827432677
131,0.845193104817
132,0.846550616754
133,0.847891009344
134,0.849208055713
135,0.850515665768
136,0.851823264237
137,0.85312996965
138,0.854414838933
139,0.855699384582
140,0.856978881274
141,0.858250016097
142,0.859519231553
143,0.86077736735
144,0.862002363853
145,0.863210097723
146,0.864381164423
147,0.865546698536
148,0.866685979302
149,0.867821276046
150,0.868954196238
151,0.870084115267
152,0.871200152986
153,0.87231341899
154,0.873416452336
155,0.874513960597
156,0.875601274602
157,0.876675242181
158,0.877720643146
159,0.87873674028
160,0.879743153083
161,0.880736898814
162,0.88173041116
163,0.882716694315
164,0.883685313435
165,0.884644929882
166,0.885565644404
167,0.886484311281
168,0.88740264784
169,0.888299609837
170,0.889173524512
171,0.890043192515
172,0.890907616802
173,0.891767453402
174,0.89261906087
175,0.89346315243
176,0.894306355763
177,0.895129527794
178,0.895949340042
179,0.896750912223
180,0.897541992662
181,0.898330582976
182,0.899115823462
183,0.89989749611
184,0.900659572284
185,0.901417520188
186,0.902166823145
187,0.902913253292
188,0.903659655362
189,0.904396453323
190,0.905122003531
191,0.905842163619
192,0.906560438064
193,0.907268504438
194,0.907975482106
195,0.908673052504
196,0.90936731623
197,0.910051725378
198,0.910726086971
199,0.911372359193
200,0.912006970376
201,0.912633143107
202,0.913258983663
203,0.913877479524
204,0.914484989986
205,0.915084982387
206,0.915678497967
207,0.916271778232
208,0.916860236981
209,0.917435495409
210,0.918007404455
211,0.918575436886
212,0.919139644104
213,0.919701892217
214,0.920253588273
215,0.920800481904
216,0.921343917778
217,0.921886774352
218,0.922427490803
219,0.922941937715
220,0.923455171133
221,0.923967977373
222,0.924473492993
223,0.9249760795
224,0.925476257367
225,0.925967883432
226,0.926444071378
227,0.92691339499
228,0.92738220489
229,0.927848690232
230,0.928303243491
231,0.928751901013
232,0.929198537036
233,0.929644909146
234,0.930082764589
235,0.930518795223
236,0.930954761384
237,0.931389998868
238,0.931823826391
239,0.932252499703
240,0.932680662571
241,0.933106584891
242,0.933529528851
243,0.933950708168
244,0.934365302069
245,0.934779051568
246,0.935189319764
247,0.935599354205
248,0.936007499809
249,0.936413767049
250,0.93681912868
251,0.937224435791
252,0.937629530688
253,0.938020860521
254,0.938408577727
255,0.938795057075
256,0.939172711723
257,0.939548439279
258,0.939922695891
259,0.940295119375
260,0.940664155371
261,0.941019275889
262,0.9413733568
263,0.94172736321
264,0.942077598184
265,0.942427763707
266,0.942771872977
267,0.943115643981
268,0.943456552128
269,0.943795697713
270,0.944134356548
271,0.944472644731
272,0.944810351534
273,0.94514748728
274,0.945482541139
275,0.945808787455
276,0.946132983674
277,0.946456939304
278,0.946778520832
279,0.947099802943
280,0.947420504489
281,0.947737875297
282,0.948049620224
283,0.948357693397
284,0.948662594194
285,0.948965192049
286,0.949262174867
287,0.949556404612
288,0.949848650147
289,0.950138630399
290,0.950428364045
291,0.950715712076
292,0.950999999447
293,0.951281654449
294,0.951561385776
295,0.95184103614
296,0.952113797361
297,0.952385047899
298,0.95265615894
299,0.952925808843
300,0.953195447826
301,0.953464667876
302,0.953732024715
303,0.953994381324
304,0.954255668837
305,0.95451608335
306,0.954776398701
307,0.95503546275
308,0.955292197711
309,0.955547353131
310,0.955800881696
311,0.956053885778
312,0.956305086592
313,0.956556243729
314,0.956806677391
315,0.957056787122
316,0.957306461728
317,0.957550220541
318,0.957792280151
319,0.958033752959
320,0.958274606651
321,0.958515062506
322,0.958752523215
323,0.958988879396
324,0.959219878585
325,0.959449379941
326,0.959674672508
327,0.959895298727
328,0.960113843356
329,0.960331178427
330,0.960548344737
331,0.960765105632
332,0.960978443237
333,0.961189966804
334,0.961399164328
335,0.961607675069
336,0.961815694679
337,0.962023456838
338,0.96223117027
339,0.962438344809
340,0.962643000552
341,0.962846178219
342,0.963045111814
343,0.96324340364
344,0.96344120582
345,0.963636141503
346,0.963829162501
347,0.96402160286
348,0.964213840884
349,0.964405571212
350,0.964596948195
351,0.964788044032
352,0.964979084309
353,0.96516924193
354,0.965357809984
355,0.96554612846
356,0.965730797764
357,0.965914909605
358,0.966098190711
359,0.966281326157
360,0.966461951793
361,0.966640409304
362,0.966814618583
363,0.96698606662
364,0.967157492373
365,0.967327095248
366,0.967491941081
367,0.967655966059
368,0.967815170561
369,0.967974097928
370,0.968132638971
371,0.968290330115
372,0.968447796863
373,0.968604917248
374,0.968761543828
375,0.968918145747
376,0.969073099046
377,0.969227697961
378,0.969382222894
379,0.969534812862
380,0.969686377114
381,0.96983659922
382,0.969985970463
383,0.970135224121
384,0.970283532804
385,0.970431650739
386,0.970578756996
387,0.970725751166
388,0.970872179999
389,0.971018495185
390,0.971164045077
391,0.971308981054
392,0.971453110436
393,0.971597215529
394,0.971741233864
395,0.971884939337
396,0.972026958531
397,0.972168284555
398,0.972309568091
399,0.972450847913
400,0.972590231915
401,0.972729078956
402,0.972866476444
403,0.973002042364
404,0.973136018716
405,0.973269864783
406,0.97340335966
407,0.973534220979
408,0.973662100744
409,0.973789498811
410,0.973916713038
411,0.974042992316
412,0.97416740623
413,0.974290669563
414,0.974413817022
415,0.974536440369
416,0.974658262766
417,0.974779681087
418,0.974901049641
419,0.975022376227
420,0.97514236468
421,0.975261748948
422,0.975379773393
423,0.975496169868
424,0.97561235138
425,0.97572851343
426,0.975844055104
427,0.975959246181
428,0.976073892126
429,0.976187236334
430,0.976299001298
431,0.976410463205
432,0.976520873026
433,0.976630683862
434,0.976738573846
435,0.976846415475
436,0.976954072966
437,0.977060918887
438,0.977167200957
439,0.977273274823
440,0.977377018635
441,0.977480716171
442,0.977584163759
443,0.977687441917
444,0.977790484463
445,0.977892833912
446,0.977994541815
447,0.978095990484
448,0.978196641844
449,0.978297270103
450,0.978397491017
451,0.978496862181
452,0.978595542551
453,0.978693860514
454,0.978791845709
455,0.97888978745
456,0.978987714706
457,0.97908498051
458,0.979182063216
459,0.97927906674
460,0.979375916805
461,0.979472628933
462,0.979569265001
463,0.979665801088
464,0.979761964296
465,0.979857592176
466,0.97995278597
467,0.980047633179
468,0.980142087676
469,0.98023618608
470,0.980329759406
471,0.980422956733
472,0.980514896296
473,0.980606244302
474,0.980697351792
475,0.980788110618
476,0.980878673199
477,0.980968284342
478,0.981057735637
479,0.98114706244
480,0.981236305977
481,0.981325489348
482,0.981414527727
483,0.981503199836
484,0.981591553364
485,0.981678888305
486,0.981765549983
487,0.981852104773
488,0.981938385697
489,0.982023766361
490,0.982108937782
491,0.982193451092
492,0.982277460865
493,0.982360873659
494,0.982444084266
495,0.98252714015
496,0.982609849672
497,0.982692545526
498,0.982775022555
499,0.982857429465
500,0.982938877583
501,0.983019925412
502,0.983100873559
503,0.983180768432
504,0.983260025249
505,0.983339162328
506,0.983418179596
507,0.983496653885
508,0.983573895516
509,0.983650511571
510,0.98372619394
511,0.983801626584
512,0.983876985989
513,0.983951052347
514,0.984024018486
515,0.984096863997
516,0.98416940333
517,0.984241694052
518,0.984313873727
519,0.984386035946
520,0.984458000658
521,0.984529515462
522,0.984601003527
523,0.984671994071
524,0.98474288627
525,0.984813594927
526,0.98488349632
527,0.98495303501
528,0.985021450306
529,0.985089710582
530,0.98515766312
531,0.985225111677
532,0.98529239578
533,0.985358744489
534,0.985424693578
535,0.98549056356
536,0.985556119714
537,0.985621636574
538,0.98568698029
539,0.985751921118
540,0.985815929523
541,0.985879852953
542,0.985943764424
543,0.986007440579
544,0.986070936237
545,0.986134141539
546,0.98619730881
547,0.986260407373
548,0.986323329598
549,0.986386220774
550,0.986449018954
551,0.98651156815
552,0.986573096384
553,0.986634329507
554,0.986695392458
555,0.986756299423
556,0.986817060653
557,0.986877763574
558,0.986938426607
559,0.986998970274
560,0.987059169213
561,0.987118829927
562,0.987178396084
563,0.987237787388
564,0.98729709149
565,0.987356177805
566,0.987415178329
567,0.987473898078
568,0.987531998788
569,0.987588879095
570,0.987645262403
571,0.987701606268
572,0.987757523178
573,0.98781242128
574,0.987866564411
575,0.987920376778
576,0.987973713835
577,0.988026927143
578,0.988079916352
579,0.98813254932
580,0.988184966135
581,0.988237253186
582,0.988289190755
583,0.988340927622
584,0.988392620962
585,0.988443870114
586,0.988494680129
587,0.988545319303
588,0.988595772408
589,0.988645888065
590,0.988695557379
591,0.988745044042
592,0.988794428795
593,0.988843693067
594,0.988892937209
595,0.988941853039
596,0.988990321785
597,0.989038667599
598,0.989086831652
599,0.989134963468
600,0.989182938408
601,0.98923079413
602,0.989278643092
603,0.989326034423
604,0.989373282915
605,0.989420308644
606,0.989467115846
607,0.989513607882
608,0.989559756972
609,0.989605844857
610,0.989651463819
611,0.989696911495
612,0.989742309923
613,0.989786387524
614,0.989830182495
615,0.989873940177
616,0.989917638733
617,0.98996127601
618,0.990004759157
619,0.990046747665
620,0.990088201069
621,0.990128847358
622,0.990169429767
623,0.990209752868
624,0.990250061857
625,0.99029018344
626,0.990330296778
627,0.990370409671
628,0.990410318668
629,0.990450025849
630,0.990489475802
631,0.990528870938
632,0.990568112317
633,0.990607274514
634,0.990646398829
635,0.990685306324
636,0.99072418069
637,0.990763001948
638,0.990801546442
639,0.990839876047
640,0.990878203795
641,0.990916421017
642,0.990954304577
643,0.990991929499
644,0.991029330916
645,0.991066675435
646,0.991104004281
647,0.991141117495
648,0.991178228036
649,0.991215210297
650,0.991251952786
651,0.991288507349
652,0.991324891888
653,0.991361188629
654,0.991397330944
655,0.991433321954
656,0.991469260671
657,0.991504913191
658,0.991540240445
659,0.991575033039
660,0.991609375354
661,0.99164370326
662,0.991678023218
663,0.99171230923
664,0.991746225333
665,0.991780098726
666,0.991813871843
667,0.991847596975
668,0.991881244412
669,0.991914416836
670,0.99194752122
671,0.991980450528
672,0.992013351834
673,0.99204605578
674,0.992078647789
675,0.992111122956
676,0.992143322029
677,0.992175390149
678,0.992207433162
679,0.99223928409
680,0.992271078195
681,0.992302858558
682,0.992334210703
683,0.992365142876
684,0.992396050462
685,0.992426894689
686,0.992457714032
687,0.992488239676
688,0.992518760789
689,0.992549199231
690,0.992579597858
691,0.992609977396
692,0.992640115676
693,0.992670111712
694,0.992699990462
695,0.99272953414
696,0.992759036444
697,0.992788178422
698,0.992817220791
699,0.992846188734
700,0.992875106463
701,0.992903905644
702,0.992932551216
703,0.992961187652
704,0.992989666096
705,0.993018083929
706,0.993046402971
707,0.993074628719
708,0.993102761692
709,0.993130395289
710,0.993157997168
711,0.993185570525
712,0.993213023847
713,0.993240208873
714,0.993267277208
715,0.993294300232
716,0.993321310629
717,0.993348236571
718,0.993374470753
719,0.993400643359
720,0.993426728984
721,0.993452799382
722,0.993478811099
723,0.993504759679
724,0.993530633238
725,0.993556359576
726,0.993581797044
727,0.993606835411
728,0.993631870956
729,0.993656793671
730,0.993681644112
731,0.993706383507
732,0.993731037332
733,0.993755665977
734,0.993780076317
735,0.993804380066
736,0.993828543799
737,0.993852619958
738,0.993876462213
739,0.993900196168
740,0.993923751112
741,0.993947201026
742,0.99397059315
743,0.993993971385
744,0.994017320056
745,0.99404056496
746,0.994063796345
747,0.994086937556
748,0.994110026994
749,0.994133095931
750,0.994156102251
751,0.994178771791
752,0.9942014368
753,0.994224012377
754,0.994246574584
755,0.994269075287
756,0.994291534247
757,0.994313977533
758,0.994336300636
759,0.994358588754
760,0.994380822574
761,0.994403042726
762,0.994425079113
763,0.994446969616
764,0.994468426033
765,0.994489687097
766,0.994510945041
767,0.994532197637
768,0.994553385313
769,0.99457447769
770,0.994595552165
771,0.994616525992
772,0.994637455252
773,0.994658292852
774,0.994678789364
775,0.994699219915
776,0.994719650393
777,0.994739966555
778,0.994760141811
779,0.994780176902
780,0.994800121818
781,0.994819948334
782,0.994839755835
783,0.994859534961
784,0.994879187441
785,0.994898774928
786,0.994918234878
787,0.994937609332
788,0.994956934392
789,0.994976215627
790,0.994995458385
791,0.99501456291
792,0.995033542424
793,0.995052517704
794,0.995071438241
795,0.995090309234
796,0.995109072893
797,0.99512781063
798,0.995146524819
799,0.995164929044
800,0.995183311133
801,0.995201609807
802,0.995219677399
803,0.995237527354
804,0.995255374858
805,0.995273066822
806,0.995290540184
807,0.995307997649
808,0.995325403491
809,0.995342681648
810,0.995359922516
811,0.995377063183
812,0.995394197238
813,0.995411298462
814,0.995428255957
815,0.995445078933
816,0.995461764567
817,0.995478151822
818,0.995494454177
819,0.995510655142
820,0.995526843033
821,0.995543003367
822,0.995558977483
823,0.995574946103
824,0.995590837696
825,0.995606558893
826,0.995622210937
827,0.995637796872
828,0.995653283868
829,0.995668708692
830,0.995684090138
831,0.995699468687
832,0.995714754535
833,0.995730000719
834,0.995745210952
835,0.995760384045
836,0.995775432796
837,0.995790388029
838,0.995805327738
839,0.995820208099
840,0.995835051022
841,0.995849801172
842,0.995864533049
843,0.995879242939
844,0.995893895337
845,0.995908539045
846,0.99592312593
847,0.995937500377
848,0.995951838873
849,0.995966173432
850,0.995980442551
851,0.995994701643
852,0.996008776895
853,0.996022810773
854,0.996036771487
855,0.996050723881
856,0.996064630594
857,0.996078523862
858,0.996092389796
859,0.996106216288
860,0.996119981425
861,0.996133635738
862,0.99614718049
863,0.996160725019
864,0.996174182642
865,0.99618757646
866,0.996200961958
867,0.996214306379
868,0.996227624952
869,0.996240836192
870,0.996253965651
871,0.996266975892
872,0.996279975586
873,0.996292948019
874,0.996305906488
875,0.996318861317
876,0.996331725526
877,0.996344460192
878,0.996357101045
879,0.996369605967
880,0.996382104501
881,0.996394588551
882,0.996406976261
883,0.996419355948
884,0.996431649399
885,0.996443925764
886,0.996456128372
887,0.996468324962
888,0.99648048939
889,0.996492615118
890,0.996504709129
891,0.996516802695
892,0.996528796579
893,0.99654074842
894,0.996552669213
895,0.996564574556
896,0.996576454644
897,0.996588321511
898,0.996600157552
899,0.996611977177
900,0.996623717249
901,0.99663543073
902,0.996647092958
903,0.996658673034
904,0.99667024999
905,0.996681735881
906,0.996693205578
907,0.996704651135
908,0.9967160057
909,0.996727298168
910,0.996738520368
911,0.996749723479
912,0.996760863081
913,0.996771974828
914,0.996783054933
915,0.996794075838
916,0.996805092211
917,0.996816020044
918,0.996826931759
919,0.996837734432
920,0.996848512148
921,0.996859289714
922,0.996869998276
923,0.996880705427
924,0.996891408641
925,0.996902107398
926,0.996912745543
927,0.996923375295
928,0.996934004601
929,0.996944565348
930,0.996955080339
931,0.99696558196
932,0.996976075633
933,0.996986501564
934,0.996996784805
935,0.997007041826
936,0.997017293795
937,0.997027454774
938,0.997037486655
939,0.997047471889
940,0.997057391906
941,0.997067288823
942,0.997077177495
943,0.997087051311
944,0.997096829084
945,0.997106565113
946,0.997116257094
947,0.997125941276
948,0.997135566183
949,0.997145183514
950,0.997154688758
951,0.997164095434
952,0.997173468017
953,0.99718283629
954,0.997192198696
955,0.997201530351
956,0.997210860594
957,0.99722015808
958,0.997229385373
959,0.997238553762
960,0.997247692143
961,0.99725682629
962,0.997265929983
963,0.997275018299
964,0.997284042885
965,0.997292980936
966,0.997301865877
967,0.997310718433
968,0.997319453256
969,0.99732817939
970,0.997336902997
971,0.997345605881
972,0.997354290046
973,0.997362919246
974,0.997371526755
975,0.997380128026
976,0.997388720531
977,0.997397297661
978,0.997405765081
979,0.997414225444
980,0.997422673923
981,0.997431121138
982,0.997439485088
983,0.997447783003
984,0.997456058412
985,0.997464301287
986,0.997472453096
987,0.997480570662
988,0.997488683846
989,0.997496772443
990,0.997504843585
991,0.997512891552
992,0.997520928452
993,0.997528918259
994,0.997536900192
995,0.997544871131
996,0.997552815182
997,0.997560758565
998,0.997568653294
999,0.997576524626
1000,0.99758434322
1001,0.997592124675
1002,0.997599884662
1003,0.997607610779
1004,0.997615301093
1005,0.99762288452
1006,0.997630463565
1007,0.997637936242
1008,0.997645370517
1009,0.997652776492
1010,0.997660165976
1011,0.997667542908
1012,0.997674912635
1013,0.997682225984
1014,0.997689536956
1015,0.997696846591
1016,0.997704147238
1017,0.997711409038
1018,0.997718655387
1019,0.997725874996
1020,0.997733047438
1021,0.997740214681
1022,0.997747366622
1023,0.997754499101
1024,0.997761592956
1025,0.997768684509
1026,0.997775772718
1027,0.997782805145
1028,0.997789835863
1029,0.997796836646
1030,0.997803822871
1031,0.997810793497
1032,0.997817739017
1033,0.997824677926
1034,0.99783159626
1035,0.99783849491
1036,0.997845373134
1037,0.997852190003
1038,0.997858996101
1039,0.997865787864
1040,0.997872556155
1041,0.997879231894
1042,0.997885868117
1043,0.997892493718
1044,0.997899109885
1045,0.997905686165
1046,0.997912220774
1047,0.997918736665
1048,0.997925249585
1049,0.99793173517
1050,0.997938179308
1051,0.997944616538
1052,0.997951045745
1053,0.997957410033
1054,0.997963763328
1055,0.997970112686
1056,0.997976456473
1057,0.997982799665
1058,0.997989137807
1059,0.997995461984
1060,0.998001764175
1061,0.998008053664
1062,0.998014328
1063,0.998020505774
1064,0.998026680279
1065,0.99803284394
1066,0.998039003515
1067,0.998045153434
1068,0.998051299565
1069,0.998057422966
1070,0.998063499869
1071,0.998069519652
1072,0.998075537874
1073,0.99808153463
1074,0.998087501081
1075,0.998093446807
1076,0.998099323974
1077,0.99810519973
1078,0.998111067612
1079,0.998116923981
1080,0.998122764454
1081,0.998128597797
1082,0.998134429282
1083,0.998140252077
1084,0.998145994502
1085,0.998151736556
1086,0.998157466279
1087,0.998163150099
1088,0.998168816834
1089,0.998174468861
1090,0.998180105142
1091,0.998185740531
1092,0.998191375549
1093,0.998196925889
1094,0.998202428468
1095,0.99820790542
1096,0.998213380962
1097,0.998218823671
1098,0.998224227385
1099,0.998229605398
1100,0.998234976503
1101,0.998240342632
1102,0.998245708091
1103,0.998251046291
1104,0.998256383896
1105,0.998261649674
1106,0.998266915303
1107,0.99827217083
1108,0.998277378819
1109,0.998282577746
1110,0.998287769244
1111,0.998292949453
1112,0.998298103366
1113,0.998303218804
1114,0.998308315225
1115,0.998313407711
1116,0.998318487494
1117,0.998323557101
1118,0.998328621434
1119,0.998333685545
1120,0.998338691569
1121,0.998343694771
1122,0.99834868698
1123,0.998353675623
1124,0.998358652604
1125,0.998363625723
1126,0.998368583169
1127,0.998373525314
1128,0.998378448369
1129,0.99838336147
1130,0.998388273161
1131,0.998393165019
1132,0.998398052123
1133,0.998402937741
1134,0.998407789637
1135,0.998412640047
1136,0.998417469733
1137,0.998422288501
1138,0.998427068643
1139,0.998431845369
1140,0.998436581612
1141,0.998441316445
1142,0.99844603761
1143,0.998450751421
1144,0.998455452976
1145,0.99846014547
1146,0.998464785002
1147,0.998469421192
1148,0.998474034653
1149,0.99847863452
1150,0.998483231491
1151,0.99848782044
1152,0.998492372249
1153,0.998496914922
1154,0.998501450687
1155,0.998505963796
1156,0.998510445561
1157,0.99851492725
1158,0.99851939973
1159,0.998523846954
1160,0.998528248274
1161,0.998532622706
1162,0.998536992903
1163,0.998541359981
1164,0.998545707374
1165,0.99855004994
1166,0.998554389906
1167,0.998558711153
1168,0.998563014871
1169,0.998567294745
1170,0.998571565483
1171,0.998575824114
1172,0.998580070117
1173,0.998584302824
1174,0.998588529069
1175,0.998592753605
1176,0.998596976953
1177,0.99860118292
1178,0.998605385173
1179,0.998609565884
1180,0.998613740877
1181,0.998617901385
1182,0.998622060927
1183,0.99862621891
1184,0.998630374664
1185,0.998634520614
1186,0.998638648662
1187,0.998642743656
1188,0.998646829959
1189,0.998650915223
1190,0.998654981843
1191,0.998659022984
1192,0.998663063309
1193,0.998667097766
1194,0.998671131257
1195,0.998675160589
1196,0.998679176402
1197,0.998683164806
1198,0.998687145856
1199,0.998691106183
1200,0.998695049648
1201,0.998698970309
1202,0.998702889411
1203,0.998706775236
1204,0.998710624738
1205,0.998714409172
1206,0.998718165678
1207,0.998721921886
1208,0.99872567334
1209,0.998729405853
1210,0.998733110958
1211,0.998736809823
1212,0.99874048581
1213,0.998744140404
1214,0.998747791879
1215,0.998751399381
1216,0.998755000792
1217,0.998758599678
1218,0.998762187124
1219,0.99876575199
1220,0.99876931485
1221,0.998772861889
1222,0.998776398752
1223,0.998779933535
1224,0.998783464975
1225,0.99878699025
1226,0.998790465907
1227,0.998793927971
1228,0.998797375551
1229,0.998800815851
1230,0.998804243003
1231,0.998807663397
1232,0.99881105081
1233,0.998814437407
1234,0.998817820958
1235,0.998821175615
1236,0.998824529529
1237,0.998827881882
1238,0.998831222797
1239,0.998834555245
1240,0.99883785137
1241,0.998841144226
1242,0.998847714489
1243,0.998847714489
1244,0.998850996056
1245,0.998854256898
1246,0.998857495828
1247,0.998860733793
1248,0.998863947468
1249,0.998867117541
1250,0.998870285535
1251,0.998873447884
1252,0.998876607781
1253,0.998879763148
1254,0.998882909081
1255,0.998886050928
1256,0.998889182377
1257,0.998892306175
1258,0.998895426779
1259,0.998898512917
1260,0.998901590439
1261,0.99890466707
1262,0.998907717109
1263,0.998910765068
1264,0.998913806045
1265,0.998916843011
1266,0.998919873366
1267,0.998922896665
1268,0.998925912535
1269,0.998928920755
1270,0.998931921325
1271,0.998934903101
1272,0.998937878787
1273,0.998940838429
1274,0.99894379495
1275,0.998946742782
1276,0.99894968118
1277,0.998952616235
1278,0.998955532572
1279,0.99895844876
1280,0.998961361978
1281,0.998964271927
1282,0.998967177567
1283,0.998970080608
1284,0.998972973176
1285,0.998975848511
1286,0.998978712779
1287,0.99898155714
1288,0.998984398826
1289,0.9989872316
1290,0.998990048551
1291,0.99899285555
1292,0.998995661583
1293,0.998998464496
1294,0.999001264661
1295,0.999004040165
1296,0.999006813218
1297,0.99900958486
1298,0.99901234588
1299,0.999015087216
1300,0.999017824912
1301,0.999020535497
1302,0.999023230928
1303,0.99902592584
1304,0.999028620009
1305,0.999031311801
1306,0.999034003147
1307,0.999036692785
1308,0.999039377743
1309,0.999042050223
1310,0.999044717131
1311,0.999047381886
1312,0.999050041663
1313,0.99905270107
1314,0.999055357282
1315,0.999058010301
1316,0.999060657377
1317,0.999063296802
1318,0.999065931325
1319,0.999068553815
1320,0.999071174968
1321,0.99907379456
1322,0.999076413633
1323,0.999079031369
1324,0.999081648808
1325,0.999084263647
1326,0.999086876778
1327,0.999089482481
1328,0.999092081498
1329,0.999094661426
1330,0.99909722791
1331,0.999099778795
1332,0.9991023276
1333,0.999104849813
1334,0.999107342166
1335,0.999109829469
1336,0.999112312017
1337,0.999114792709
1338,0.999117264932
1339,0.999119729802
1340,0.99912219185
1341,0.999124652783
1342,0.99912710458
1343,0.999129549692
1344,0.999131991609
1345,0.99913443167
1346,0.999136870914
1347,0.999139308821
1348,0.999141745465
1349,0.999144178024
1350,0.999146604269
1351,0.999149028954
1352,0.999151442423
1353,0.999153850395
1354,0.999156254802
1355,0.99915865349
1356,0.999161044898
1357,0.999163425387
1358,0.999165797409
1359,0.999168167276
1360,0.999170534767
1361,0.999172902034
1362,0.999175266628
1363,0.999177629587
1364,0.999179983633
1365,0.999182331217
1366,0.999184668773
1367,0.999186996598
1368,0.999189313431
1369,0.99919160887
1370,0.999193902379
1371,0.999196192694
1372,0.999198480112
1373,0.999200758616
1374,0.999203036749
1375,0.999205308345
1376,0.999207574074
1377,0.999209838688
1378,0.999212102039
1379,0.999216564714
1380,0.999216564714
1381,0.99921878736
1382,0.999221009487
1383,0.999223219283
1384,0.999225427594
1385,0.999227631226
1386,0.999229826463
1387,0.999232011673
1388,0.999234184553
1389,0.999236336709
1390,0.999238488271
1391,0.999240635302
1392,0.999242765545
1393,0.999244893115
1394,0.999247008949
1395,0.999249122999
1396,0.999251210013
1397,0.999253294129
1398,0.999255372824
1399,0.999257447655
1400,0.999259520036
1401,0.999261587737
1402,0.999263651575
1403,0.999265712739
1404,0.999267772418
1405,0.999269825041
1406,0.999271876326
1407,0.999273925383
1408,0.999275955573
1409,0.999277978781
1410,0.999279994189
1411,0.999282008112
1412,0.999284016316
1413,0.999286010926
1414,0.999287993801
1415,0.999289976229
1416,0.999291943877
1417,0.999293900456
1418,0.999295855105
1419,0.999297790367
1420,0.999299724663
1421,0.999301631401
1422,0.999303537248
1423,0.999305437599
1424,0.9993073199
1425,0.999309196407
1426,0.999311070166
1427,0.999312941473
1428,0.999314803273
1429,0.999316649994
1430,0.999318495156
1431,0.99932033846
1432,0.999322181171
1433,0.999324021504
1434,0.999325850844
1435,0.999327672756
1436,0.999329481744
1437,0.999331282932
1438,0.999333084046
1439,0.999334870676
1440,0.999336649357
1441,0.999338424994
1442,0.999340200259
1443,0.999341973147
1444,0.999343745069
1445,0.999345513129
1446,0.999347277995
1447,0.999349034171
1448,0.9993507899
1449,0.99935254407
1450,0.999354297497
1451,0.999356040005
1452,0.999357781399
1453,0.999359519821
1454,0.999361258096
1455,0.999362989536
1456,0.999364708126
1457,0.999366421814
1458,0.999368133348
1459,0.999369840202
1460,0.999371545348
1461,0.999373249825
1462,0.999374950291
1463,0.999376649346
1464,0.999378347881
1465,0.999380045599
1466,0.999381741534
1467,0.999383429967
1468,0.999385117211
1469,0.999386800593
1470,0.999388477662
1471,0.9993901372
1472,0.999391789088
1473,0.999393438376
1474,0.999395078825
1475,0.999396715486
1476,0.999398349992
1477,0.999399980042
1478,0.99940159635
1479,0.999403200254
1480,0.999404796358
1481,0.999406389268
1482,0.999407970591
1483,0.9994095508
1484,0.999411113702
1485,0.999412676529
1486,0.999414234677
1487,0.999415790894
1488,0.999417345699
1489,0.999418897682
1490,0.999420448179
1491,0.999421995036
1492,0.9994235335
1493,0.999425062902
1494,0.999426580642
1495,0.999428096897
1496,0.999429603644
1497,0.999431105191
1498,0.999432606144
1499,0.999434105389
1500,0.999435602628
1501,0.999437082337
1502,0.999438561527
1503,0.999440037894
1504,0.99944150557
1505,0.999442970795
1506,0.999444432455
1507,0.99944589248
1508,0.999447346266
1509,0.999448795224
1510,0.999450211202
1511,0.999451626512
1512,0.999453039296
1513,0.999454449777
1514,0.999455859739
1515,0.999457268066
1516,0.999458674165
1517,0.999460076922
1518,0.999461478638
1519,0.999462875972
1520,0.999464266176
1521,0.999465655933
1522,0.999467045394
1523,0.999468433666
1524,0.999469820972
1525,0.999471207239
1526,0.999472592837
1527,0.999473976132
1528,0.99947535356
1529,0.999476726976
1530,0.999478095044
1531,0.999479458136
1532,0.999480817216
1533,0.999482169017
1534,0.999483508265
1535,0.999484845656
1536,0.999486180002
1537,0.999487510782
1538,0.99948883874
1539,0.999490149019
1540,0.999491457441
1541,0.999492764155
1542,0.999494070795
1543,0.999495370452
1544,0.999496660379
1545,0.999497950158
1546,0.999499232582
1547,0.999500506465
1548,0.999501779085
1549,0.999503049551
1550,0.999504319719
1551,0.999505589219
1552,0.999506857457
1553,0.999508124951
1554,0.999509387766
1555,0.999510647908
1556,0.999511907083
1557,0.999513166035
1558,0.999514421051
1559,0.999515665074
1560,0.99951690204
1561,0.999518131949
1562,0.999519360299
1563,0.999520578621
1564,0.999521788698
1565,0.999522997067
1566,0.99952419823
1567,0.9995253988
1568,0.999526598255
1569,0.999527795779
1570,0.99952899152
1571,0.999530185182
1572,0.999531375798
1573,0.999532563888
1574,0.999533748859
1575,0.999534932716
1576,0.999536111595
1577,0.99953728743
1578,0.999538458214
1579,0.999539628626
1580,0.999540798964
1581,0.999541962765
1582,0.999543120698
1583,0.999544272466
1584,0.999545423417
1585,0.999546573774
1586,0.999547723611
1587,0.999548870923
1588,0.999550014966
1589,0.999551157969
1590,0.999552300898
1591,0.999553440336
1592,0.999554578957
1593,0.999555716092
1594,0.99955685137
1595,0.99955798598
1596,0.999559117024
1597,0.999560246434
1598,0.999561374508
1599,0.999562502135
1600,0.99956362798
1601,0.99956474662
1602,0.999565857015
1603,0.999566962656
1604,0.999568067925
1605,0.999569171486
1606,0.999570273116
1607,0.999571372592
1608,0.999572471251
1609,0.999573568796
1610,0.999574665672
1611,0.999575761359
1612,0.999576856527
1613,0.99957795162
1614,0.999579044634
1615,0.999580136607
1616,0.99958122821
1617,0.999582316767
1618,0.999583400867
1619,0.999584484893
1620,0.999585566393
1621,0.999586647002
1622,0.999587724788
1623,0.999588800643
1624,0.999589868402
1625,0.999590934601
1626,0.999591999983
1627,0.999593052886
1628,0.999594104823
1629,0.99959514911
1630,0.999596193025
1631,0.999597234043
1632,0.999598273725
1633,0.999599310509
1634,0.999600343728
1635,0.99960137665
1636,0.99960240883
1637,0.999603438855
1638,0.99960446836
1639,0.999605487912
1640,0.999606506572
1641,0.999607520107
1642,0.999608531934
1643,0.999609534624
1644,0.999610528624
1645,0.999611521584
1646,0.999612513356
1647,0.99961350171
1648,0.999614482786
1649,0.999615456879
1650,0.999616428001
1651,0.99961739838
1652,0.999618365713
1653,0.999619330819
1654,0.999620294959
1655,0.999621254642
1656,0.999622213582
1657,0.999623168882
1658,0.999624114304
1659,0.999625059205
1660,0.999625994673
1661,0.999626924199
1662,0.999627853428
1663,0.999628781839
1664,0.999629708171
1665,0.999630634206
1666,0.999631556452
1667,0.999632475356
1668,0.999633390918
1669,0.999634306033
1670,0.999635219812
1671,0.999636129877
1672,0.999637038679
1673,0.999637941167
1674,0.999638840535
1675,0.999639739161
1676,0.999640636673
1677,0.999641531956
1678,0.99964242412
1679,0.999644205624
1680,0.999644205624
1681,0.999645091622
1682,0.999645976729
1683,0.999646858197
1684,0.999647737064
1685,0.999648615635
1686,0.999649493314
1687,0.999650368542
1688,0.999651239982
1689,0.999652111124
1690,0.99965298197
1691,0.999653852592
1692,0.999654713484
1693,0.99965557096
1694,0.999656427841
1695,0.999657282939
1696,0.999658135883
1697,0.999658988605
1698,0.999659837835
1699,0.999660686768
1700,0.999661535479
1701,0.999662380475
1702,0.9996632251
1703,0.999664068017
1704,0.999664906996
1705,0.999665738326
1706,0.999666568838
1707,0.999667397716
1708,0.999668224811
1709,0.999669875733
1710,0.999669875733
1711,0.999670698446
1712,0.999671520936
1713,0.999672338672
1714,0.999673154996
1715,0.999673971247
1716,0.999674783412
1717,0.999675594983
1718,0.999676406034
1719,0.999677215154
1720,0.999678023828
1721,0.999678831536
1722,0.999679638576
1723,0.999680444056
1724,0.999681246342
1725,0.999682046771
1726,0.999682844749
1727,0.999683638493
1728,0.999684431717
1729,0.99968521989
1730,0.999686005092
1731,0.999686782792
1732,0.999687559304
1733,0.999688328981
1734,0.999689098585
1735,0.999689868114
1736,0.99969063742
1737,0.999691405612
1738,0.999692168679
1739,0.99969293026
1740,0.999693691396
1741,0.999694450897
1742,0.999695208393
1743,0.999695965146
1744,0.99969671878
1745,0.99969747219
1746,0.999698225229
1747,0.999698976857
1748,0.999699728337
1749,0.999700479296
1750,0.999701229735
1751,0.999701976164
1752,0.999702721849
1753,0.999703465604
1754,0.999704208838
1755,0.999704951775
1756,0.999705693524
1757,0.99970643141
1758,0.999707167365
1759,0.999707902132
1760,0.999708634596
1761,0.999709366911
1762,0.999710094547
1763,0.999710822109
1764,0.999711548407
1765,0.999712273889
1766,0.999712998554
1767,0.999713722624
1768,0.999714444986
1769,0.999715166605
1770,0.999715888076
1771,0.99971660561
1772,0.999717318613
1773,0.99971803117
1774,0.999718742613
1775,0.999719453239
1776,0.999720163048
1777,0.999720864686
1778,0.99972156313
1779,0.999722260163
1780,0.999722955785
1781,0.999723648955
1782,0.999724340194
1783,0.999725029799
1784,0.999726407375
1785,0.999726407375
1786,0.999727094158
1787,0.999727776483
1788,0.999728458438
1789,0.999729137272
1790,0.999729814101
1791,0.999730488554
1792,0.999731162857
1793,0.999731836641
1794,0.999732510276
1795,0.999733853981
1796,0.999733853981
1797,0.999734520559
1798,0.999735186841
1799,0.999735851637
1800,0.999736515615
1801,0.999737179149
1802,0.999737840379
1803,0.999738499455
1804,0.999739156155
1805,0.99973981018
1806,0.999740463537
1807,0.999741115334
1808,0.999742416403
1809,0.999742416403
1810,0.999743066566
1811,0.999743709301
1812,0.999744349436
1813,0.999744986898
1814,0.999745621239
1815,0.999746887248
1816,0.999746887248
1817,0.999747518396
1818,0.999748149469
1819,0.999748778611
1820,0.999749404931
1821,0.999750029616
1822,0.999750653558
1823,0.999751276981
1824,0.999751896541
1825,0.999752515358
1826,0.999753751656
1827,0.999753751656
1828,0.999754368765
1829,0.99975498112
1830,0.999755592286
1831,0.999756201744
1832,0.999756809791
1833,0.999757417764
1834,0.999758025068
1835,0.999758627915
1836,0.999759229202
1837,0.99975982581
1838,0.999760421453
1839,0.999761016575
1840,0.999761611177
1841,0.999762205483
1842,0.999762798376
1843,0.999763390379
1844,0.999763980896
1845,0.999764566808
1846,0.99976514388
1847,0.999765717907
1848,0.999766291415
1849,0.999766864179
1850,0.999767436201
1851,0.999768005919
1852,0.999768574896
1853,0.999769143352
1854,0.999769708837
1855,0.999770273208
1856,0.999770836984
1857,0.999771392516
1858,0.999771947751
1859,0.99977249942
1860,0.999773049752
1861,0.999773595702
1862,0.999774140611
1863,0.999774684258
1864,0.999775226791
1865,0.999775762193
1866,0.999776292545
1867,0.999776819924
1868,0.999777344408
1869,0.999778393077
1870,0.999778393077
1871,0.999778917188
1872,0.99977944026
1873,0.999779961252
1874,0.999780481056
1875,0.999780999151
1876,0.999781513458
1877,0.999782026873
1878,0.999782539472
1879,0.999783051996
1880,0.999783562737
1881,0.999784072365
1882,0.999785091471
1883,0.999785091471
1884,0.999785598721
1885,0.999786104189
1886,0.999786609508
1887,0.999787114753
1888,0.999787619924
1889,0.999788124797
1890,0.999788628036
1891,0.99978913031
1892,0.999789630727
1893,0.999790130401
1894,0.999790629109
1895,0.999791127372
1896,0.999791625486
1897,0.999792123006
1898,0.999792617183
1899,0.999793110841
1900,0.999793600933
1901,0.999794088796
1902,0.999794575174
1903,0.999795060364
1904,0.999795541914
1905,0.999796023166
1906,0.999796504345
1907,0.999796985375
1908,0.999797463954
1909,0.999797939487
1910,0.999798411009
1911,0.999798882309
1912,0.999799353162
1913,0.999799822159
1914,0.999800291007
1915,0.999800758667
1916,0.999801225733
1917,0.999801692204
1918,0.999802157636
1919,0.999802622101
1920,0.999803084562
1921,0.999803545908
1922,0.999804006214
1923,0.999804924003
1924,0.999804924003
1925,0.999805380299
1926,0.999805836371
1927,0.999806290586
1928,0.999806744727
1929,0.999807197605
1930,0.999807649667
1931,0.999808100391
1932,0.999808550744
1933,0.999809000502
1934,0.999809448255
1935,0.999809895563
1936,0.999810341013
1937,0.999810786092
1938,0.999811229908
1939,0.999811672759
1940,0.999812115015
1941,0.999812556306
1942,0.9998129973
1943,0.999813437253
1944,0.999813876539
1945,0.999814314858
1946,0.999814752584
1947,0.999815189789
1948,0.999815624915
1949,0.999816059
1950,0.999816493012
1951,0.999816926132
1952,0.999817358583
1953,0.999817789921
1954,0.999818221184
1955,0.999818651481
1956,0.999819080071
1957,0.999819508065
1958,0.999819934129
1959,0.999820358113
1960,0.999820780017
1961,0.999821201401
1962,0.999821621671
1963,0.999822041643
1964,0.99982246065
1965,0.999822879286
1966,0.999823297773
1967,0.999823715963
1968,0.999824130365
1969,0.99982495902
1970,0.99982495902
1971,0.999825373125
1972,0.999825785893
1973,0.999826611279
1974,0.999826611279
1975,0.999827023304
1976,0.999827434512
1977,0.999827845646
1978,0.999828253882
1979,0.99982866197
1980,0.999829068944
1981,0.999829474804
1982,0.99982987955
1983,0.999830284147
1984,0.999830687258
1985,0.999831090221
1986,0.999831492961
1987,0.999831894067
1988,0.999832294281
1989,0.999832693976
1990,0.999833092779
1991,0.999833490394
1992,0.999833885855
1993,0.999834276785
1994,0.999834666526
1995,0.999835056044
1996,0.999835443631
1997,0.999835830996
1998,0.999836216949
1999,0.999836601045
2000,0.999836984249
2001,0.999837366414
2002,0.999837748282
2003,0.99983812963
2004,0.999838510829
2005,0.999838891805
2006,0.99983927189
2007,0.999839651381
2008,0.999840029534
2009,0.999840406723
2010,0.999840783614
2011,0.999841159316
2012,0.999841534721
2013,0.999841909458
2014,0.999842283081
2015,0.999842654847
2016,0.999843024756
2017,0.999843393476
2018,0.999843761825
2019,0.999844129654
2020,0.999844497408
2021,0.999844862563
2022,0.999845227421
2023,0.999845591759
2024,0.999845955651
2025,0.999846318206
2026,0.999846680167
2027,0.99984704198
2028,0.999847403718
2029,0.99984776293
2030,0.999848121623
2031,0.99984847987
2032,0.999848837746
2033,0.999849193096
2034,0.999849547406
2035,0.999849899339
2036,0.999850250753
2037,0.999850601869
2038,0.999850949717
2039,0.999851294519
2040,0.999851639099
2041,0.999851982936
2042,0.999852326698
2043,0.999853011253
2044,0.999853011253
2045,0.999853352935
2046,0.999853693058
2047,0.999854371522
2048,0.999854371522
2049,0.99985471001
2050,0.999855047608
2051,0.999855385131
2052,0.999855720426
2053,0.999856055572
2054,0.999856390495
2055,0.999856724379
2056,0.999857057594
2057,0.99985739066
2058,0.999858056051
2059,0.999858056051
2060,0.999858386666
2061,0.999858717207
2062,0.999859046856
2063,0.99985937502
2064,0.999859700956
2065,0.999860026223
2066,0.999860350673
2067,0.999860674678
2068,0.999860998311
2069,0.999861320458
2070,0.9998616406
2071,0.999861960519
2072,0.999862279696
2073,0.999862597906
2074,0.999862915671
2075,0.999863233139
2076,0.999863549642
2077,0.999863865772
2078,0.999864181755
2079,0.999864497291
2080,0.999864812085
2081,0.99986512673
2082,0.99986575305
2083,0.99986575305
2084,0.999866065913
2085,0.999866377067
2086,0.999866687627
2087,0.999866997667
2088,0.999867307632
2089,0.999867616855
2090,0.999867923924
2091,0.999868230325
2092,0.999868536576
2093,0.999868842754
2094,0.999869147817
2095,0.999869451321
2096,0.999869754007
2097,0.999870055431
2098,0.999870354774
2099,0.999870652261
2100,0.999870948783
2101,0.999871244412
2102,0.999871539894
2103,0.999871835004
2104,0.999872130039
2105,0.999872424852
2106,0.999872719071
2107,0.999873012398
2108,0.999873305131
2109,0.999873597567
2110,0.999873888889
2111,0.999874179691
2112,0.999874470047
2113,0.999874759883
2114,0.999875049199
2115,0.99987533599
2116,0.999875622558
2117,0.99987590868
2118,0.999876193985
2119,0.999876479216
2120,0.999876764372
2121,0.999877333497
2122,0.999877333497
2123,0.999877616722
2124,0.999877898685
2125,0.999878180202
2126,0.999878460828
2127,0.999878740859
2128,0.999879020593
2129,0.999879299139
2130,0.99987957657
2131,0.999879853482
2132,0.999880129428
2133,0.9998804053
2134,0.999880681023
2135,0.999880955261
2136,0.999881227567
2137,0.999881499279
2138,0.999881770694
2139,0.99988204196
2140,0.999882582562
2141,0.999882582562
2142,0.999882852789
2143,0.999883122867
2144,0.999883391756
2145,0.99988365916
2146,0.999883925227
2147,0.999884191145
2148,0.999884456247
2149,0.999884721199
2150,0.999884985781
2151,0.999885250213
2152,0.999885514349
2153,0.999885777668
2154,0.999886039129
2155,0.999886299254
2156,0.999886559081
2157,0.999886818686
2158,0.999887077399
2159,0.999887334998
2160,0.999887592152
2161,0.999887848563
2162,0.999888104825
2163,0.999888359527
2164,0.999888868783
2165,0.999888868783
2166,0.999889377296
2167,0.999889377296
2168,0.999889628953
2169,0.999889880312
2170,0.999890131449
2171,0.999890381472
2172,0.999890631123
2173,0.999890879735
2174,0.999891127678
2175,0.999891374878
2176,0.999891621409
2177,0.999891867347
2178,0.999892112021
2179,0.999892356473
2180,0.999892600553
2181,0.999892843445
2182,0.999893085371
2183,0.999893322767
2184,0.999893559345
2185,0.999893795032
2186,0.999894265663
2187,0.999894265663
2188,0.99989450031
2189,0.999894969306
2190,0.999894969306
2191,0.999895202913
2192,0.999895436372
2193,0.999895669682
2194,0.999895902918
2195,0.999896135336
2196,0.999896366343
2197,0.999896597202
2198,0.999896825461
2199,0.999897053497
2200,0.999897280122
2201,0.99989750489
2202,0.999897729361
2203,0.999897953609
2204,0.999898177485
2205,0.999898401287
2206,0.999898624867
2207,0.999898848
2208,0.99989907002
2209,0.999899291965
2210,0.999899513093
2211,0.999899733702
2212,0.999899954013
2213,0.999900174175
2214,0.999900393669
2215,0.999900613015
2216,0.999900831692
2217,0.999901049923
2218,0.99990126704
2219,0.999901484083
2220,0.999901700606
2221,0.999901916906
2222,0.999902132761
2223,0.999902346684
2224,0.999902559716
2225,0.999902771856
2226,0.999902983699
2227,0.99990319272
2228,0.999903401444
2229,0.999903609647
2230,0.999903817405
2231,0.999904025089
2232,0.999904232476
2233,0.999904439714
2234,0.999904646878
2235,0.999904853818
2236,0.999905060314
2237,0.999905266735
2238,0.999905472933
2239,0.99990567876
2240,0.999905884364
2241,0.999906087145
2242,0.999906289109
2243,0.999906490479
2244,0.999906691403
2245,0.999906892105
2246,0.999907091989
2247,0.999907291428
2248,0.999907490793
2249,0.999907688894
2250,0.999907886476
2251,0.999908083167
2252,0.999908278743
2253,0.999908473873
2254,0.999908668707
2255,0.999908863466
2256,0.999909057185
2257,0.99990925083
2258,0.999909637972
2259,0.999909637972
2260,0.99990983028
2261,0.999910213113
2262,0.999910213113
2263,0.999910404456
2264,0.999910595352
2265,0.999910785878
2266,0.999910975957
2267,0.999911165963
2268,0.999911355374
2269,0.999911544413
2270,0.999911731522
2271,0.999911918333
2272,0.999912104922
2273,0.999912291213
2274,0.999912663647
2275,0.999912663647
2276,0.999912849567
2277,0.99991303519
2278,0.999913220665
2279,0.999913406065
2280,0.999913591316
2281,0.999913776345
2282,0.999913960111
2283,0.999914143431
2284,0.999914326677
2285,0.9999145097
2286,0.999914692649
2287,0.999914875524
2288,0.999915058324
2289,0.99991524105
2290,0.999915423702
2291,0.999915606279
2292,0.999915788782
2293,0.999915970394
2294,0.999916151932
2295,0.999916333395
2296,0.999916514784
2297,0.999916695727
2298,0.999916876596
2299,0.999917056797
2300,0.999917236923
2301,0.999917416975
2302,0.999917596656
2303,0.999917775891
2304,0.999917954977
2305,0.999918133692
2306,0.999918312333
2307,0.999918490231
2308,0.999918844095
2309,0.999918844095
2310,0.999919020136
2311,0.999919370435
2312,0.999919370435
2313,0.99991954551
2314,0.999919720437
2315,0.99991989529
2316,0.999920070068
2317,0.999920244475
2318,0.999920418659
2319,0.999920592545
2320,0.999920939428
2321,0.999920939428
2322,0.999921112349
2323,0.999921285122
2324,0.999921456037
2325,0.999921626433
2326,0.999921796383
2327,0.999921966259
2328,0.999922135318
2329,0.999922304005
2330,0.999922472172
2331,0.999922639968
2332,0.999922807541
2333,0.999922974743
2334,0.999923141722
2335,0.999923307958
2336,0.999923474046
2337,0.999923971417
2338,0.999923971417
2339,0.999923971417
2340,0.99992413639
2341,0.999924300918
2342,0.999924465074
2343,0.999924628859
2344,0.999924792347
2345,0.999924955538
2346,0.999925281473
2347,0.999925281473
2348,0.999925444218
2349,0.999925606221
2350,0.999925767926
2351,0.999925929482
2352,0.999926090964
2353,0.999926251853
2354,0.999926412146
2355,0.999926572366
2356,0.999926732363
2357,0.999926892136
2358,0.999927051836
2359,0.999927211461
2360,0.999927370121
2361,0.999927528632
2362,0.999927686029
2363,0.999927842757
2364,0.999927998817
2365,0.999928153986
2366,0.999928308709
2367,0.999928463209
2368,0.999928617263
2369,0.999928771169
2370,0.999928924258
2371,0.999929076678
2372,0.999929228727
2373,0.999929532082
2374,0.999929532082
2375,0.999929683016
2376,0.999929832911
2377,0.999929982732
2378,0.999930132032
2379,0.999930281036
2380,0.99993042885
2381,0.999930574957
2382,0.999930720321
2383,0.999930864867
2384,0.99993100934
2385,0.999931297245
2386,0.999931297245
2387,0.9999314409
2388,0.999931583293
2389,0.999932010248
2390,0.999932010248
2391,0.999932010248
2392,0.999932151303
2393,0.999932292285
2394,0.999932433117
2395,0.99993271404
2396,0.99993271404
2397,0.999932854204
2398,0.999932994294
2399,0.999933133938
2400,0.99993327232
2401,0.999933410553
2402,0.999933548489
2403,0.999933686128
2404,0.999933823395
2405,0.999933960588
2406,0.999934097707
2407,0.999934233414
2408,0.999934369047
2409,0.999934504606
2410,0.999934640091
2411,0.999934775279
2412,0.999934910392
2413,0.999935180321
2414,0.999935180321
2415,0.999935315212
2416,0.999935450028
2417,0.999935584547
2418,0.999935718992
2419,0.999935853214
2420,0.999936121509
2421,0.999936121509
2422,0.999936254988
2423,0.999936388021
2424,0.999936520981
2425,0.999936653791
2426,0.999936786453
2427,0.999936918967
2428,0.999937051332
2429,0.999937183548
2430,0.999937315319
2431,0.999937447015
2432,0.999937578637
2433,0.999937709888
2434,0.999937840916
2435,0.999938102526
2436,0.999938102526
2437,0.999938233034
2438,0.999938363394
2439,0.999938623964
2440,0.999938623964
2441,0.999938754026
2442,0.999938883791
2443,0.999939013111
2444,0.999939270859
2445,0.999939270859
2446,0.999939399658
2447,0.999939527938
2448,0.999939655623
2449,0.999939910697
2450,0.999939910697
2451,0.999940165028
2452,0.999940165028
2453,0.999940292045
2454,0.999940418987
2455,0.999940672724
2456,0.999940672724
2457,0.999940798849
2458,0.999941050506
2459,0.999941050506
2460,0.999941176186
2461,0.999941301791
2462,0.999941427323
2463,0.999941552706
2464,0.999941677197
2465,0.999941801614
2466,0.999941925734
2467,0.999942049631
2468,0.999942173157
2469,0.999942296311
2470,0.999942418426
2471,0.999942540169
2472,0.999942661838
2473,0.999942783432
2474,0.999942904878
2475,0.999943026101
2476,0.999943146804
2477,0.999943267285
2478,0.999943387394
2479,0.999943507354
2480,0.999943626869
2481,0.999943746235
2482,0.999943865155
2483,0.999943983927
2484,0.999944221322
2485,0.999944221322
2486,0.999944339872
2487,0.999944458124
2488,0.999944575856
2489,0.999944811022
2490,0.999944811022
2491,0.999944928457
2492,0.999945045149
2493,0.999945161619
2494,0.999945393666
2495,0.999945393666
2496,0.999945509615
2497,0.99994562497
2498,0.999945740028
2499,0.999945854789
2500,0.999945969476
2501,0.999946198255
2502,0.999946198255
2503,0.99994631257
2504,0.999946540309
2505,0.999946540309
2506,0.999946653955
2507,0.9999468811
2508,0.9999468811
2509,0.999946994598
2510,0.999947107651
2511,0.999947220629
2512,0.999947332864
2513,0.999947444654
2514,0.999947556369
2515,0.999947667936
2516,0.999947778983
2517,0.99994788951
2518,0.999947999072
2519,0.99994810841
2520,0.999948217674
2521,0.999948326864
2522,0.999948435906
2523,0.999948544353
2524,0.999948652503
2525,0.99994886806
2526,0.99994886806
2527,0.999948975616
2528,0.999949082875
2529,0.999949296203
2530,0.999949296203
2531,0.999949402199
2532,0.999949507898
2533,0.999949613523
2534,0.999949719073
2535,0.999949824252
2536,0.999949928837
2537,0.999950033273
2538,0.999950137634
2539,0.999950241922
2540,0.999950346061
2541,0.999950449903
2542,0.99995055315
2543,0.999950655804
2544,0.999950758012
2545,0.999950859774
2546,0.999950960941
2547,0.999951062035
2548,0.99995116246
2549,0.999951262142
2550,0.999951361527
2551,0.999951460838
2552,0.999951659311
2553,0.999951659311
2554,0.999951857487
2555,0.999951857487
2556,0.999951956427
2557,0.999952055143
2558,0.999952153489
2559,0.999952350031
2560,0.999952350031
2561,0.999952448004
2562,0.999952545904
2563,0.999952643358
2564,0.999952740589
2565,0.999952837374
2566,0.999952933788
2567,0.999953029979
2568,0.999953125353
2569,0.999953315953
2570,0.999953315953
2571,0.999953411104
2572,0.999953505884
2573,0.99995360059
2574,0.999953694255
2575,0.999953787847
2576,0.999953974881
2577,0.999953974881
2578,0.999954068249
2579,0.999954161469
2580,0.999954254021
2581,0.999954346424
2582,0.999954438752
2583,0.99995462237
2584,0.99995462237
2585,0.99995471403
2586,0.999954804724
2587,0.999954895345
2588,0.999954985816
2589,0.999955076065
2590,0.999955166165
2591,0.999955255894
2592,0.9999553454
2593,0.999955434832
2594,0.999955524041
2595,0.999955701865
2596,0.999955701865
2597,0.999955790108
2598,0.999955878203
2599,0.999955966223
2600,0.999956053798
2601,0.999956140481
2602,0.999956226273
2603,0.999956311768
2604,0.999956397189
2605,0.999956482536
2606,0.999956567808
2607,0.999956738055
2608,0.999956738055
2609,0.999956822956
2610,0.999956907782
2611,0.999956992311
2612,0.999957160776
2613,0.999957160776
2614,0.999957329092
2615,0.999957329092
2616,0.999957412804
2617,0.999957496294
2618,0.999957746539
2619,0.999957746539
2620,0.999957746539
2621,0.999957829509
2622,0.99995791233
2623,0.999957994482
2624,0.999958076486
2625,0.999958158415
2626,0.999958240196
2627,0.999958321903
2628,0.999958403536
2629,0.999958647987
2630,0.999958647987
2631,0.999958647987
2632,0.99995881051
2633,0.99995881051
2634,0.999958891696
2635,0.999958972438
2636,0.999959052956
2637,0.999959133251
2638,0.999959213472
2639,0.999959293545
2640,0.999959373543
2641,0.999959453393
2642,0.999959533094
2643,0.999959612721
2644,0.999959692274
2645,0.999959851082
2646,0.999959851082
2647,0.999959930412
2648,0.999960088775
2649,0.999960088775
2650,0.999960167659
2651,0.999960325279
2652,0.999960325279
2653,0.999960404014
2654,0.999960482453
2655,0.999960639033
2656,0.999960639033
2657,0.999960795315
2658,0.999960795315
2659,0.999960951449
2660,0.999960951449
2661,0.999961029368
2662,0.999961106989
2663,0.999961261341
2664,0.999961261341
2665,0.999961338442
2666,0.999961415172
2667,0.999961491828
2668,0.999961644991
2669,0.999961644991
2670,0.99996172135
2671,0.999961797634
2672,0.999961873844
2673,0.999962025819
2674,0.999962025819
2675,0.999962101732
2676,0.999962177348
2677,0.999962252815
2678,0.999962327911
2679,0.999962402859
2680,0.999962552159
2681,0.999962552159
2682,0.999962626735
2683,0.999962701163
2684,0.999962775516
2685,0.999962849795
2686,0.999962997758
2687,0.999962997758
2688,0.999963071591
2689,0.999963145276
2690,0.999963218738
2691,0.999963292125
2692,0.999963365438
2693,0.999963438529
2694,0.999963511471
2695,0.999963584338
2696,0.999963657132
2697,0.99996380257
2698,0.99996380257
2699,0.999963875214
2700,0.999963947711
2701,0.999964020058
2702,0.999964092331
2703,0.999964236433
2704,0.999964236433
2705,0.999964308409
2706,0.999964451916
2707,0.999964451916
2708,0.999964523372
2709,0.999964594754
2710,0.99996466569
2711,0.999964877385
2712,0.999964877385
2713,0.999964877385
2714,0.999964947801
2715,0.999965017995
2716,0.999965088114
2717,0.999965158085
2718,0.999965227907
2719,0.999965297655
2720,0.999965367328
2721,0.999965506527
2722,0.999965506527
2723,0.999965576052
2724,0.999965645428
2725,0.999965714656
2726,0.999965783736
2727,0.999965852518
2728,0.999965989785
2729,0.999965989785
2730,0.999966058345
2731,0.99996612683
2732,0.999966263354
2733,0.999966263354
2734,0.999966331171
2735,0.999966398913
2736,0.999966466581
2737,0.999966534027
2738,0.999966601397
2739,0.9999666681
2740,0.999966734728
2741,0.999966867687
2742,0.999966867687
2743,0.999967000498
2744,0.999967000498
2745,0.999967198154
2746,0.999967198154
2747,0.999967198154
2748,0.999967263965
2749,0.999967329553
2750,0.999967394919
2751,0.999967525501
2752,0.999967525501
2753,0.999967590495
2754,0.999967655266
2755,0.999967719963
2756,0.99996791138
2757,0.99996791138
2758,0.99996791138
2759,0.999967974665
2760,0.999968101088
2761,0.999968101088
2762,0.999968164002
2763,0.999968289682
2764,0.999968289682
2765,0.999968352448
2766,0.999968415139
2767,0.999968477533
2768,0.999968539853
2769,0.999968601579
2770,0.99996866323
2771,0.999968724808
2772,0.999968786236
2773,0.999968847442
2774,0.999968908573
2775,0.999968969631
2776,0.999969030614
2777,0.999969091299
2778,0.999969151837
2779,0.9999692123
2780,0.999969272688
2781,0.999969332929
2782,0.999969452815
2783,0.999969452815
2784,0.999969512683
2785,0.999969572404
2786,0.999969631901
2787,0.99996969125
2788,0.99996980965
2789,0.99996980965
2790,0.999969986137
2791,0.999969986137
2792,0.999969986137
2793,0.999970044892
2794,0.999970103572
2795,0.999970161807
2796,0.999970219595
2797,0.999970334876
2798,0.999970334876
2799,0.999970392442
2800,0.999970449934
2801,0.999970507278
2802,0.999970564547
2803,0.999970621741
2804,0.999970678713
2805,0.999970792508
2806,0.999970792508
2807,0.999970849332
2808,0.999970906081
2809,0.999970962384
2810,0.999971074248
2811,0.999971074248
2812,0.999971130106
2813,0.999971241524
2814,0.999971241524
2815,0.999971297159
2816,0.999971463841
2817,0.999971463841
2818,0.999971463841
2819,0.999971519327
2820,0.999971630151
2821,0.999971630151
2822,0.999971685489
2823,0.999971740752
2824,0.999971795719
2825,0.999971850537
2826,0.999971905057
2827,0.999971959429
2828,0.999972013727
2829,0.999972067802
2830,0.999972121729
2831,0.999972175507
2832,0.999972282914
2833,0.999972282914
2834,0.999972336543
2835,0.999972390024
2836,0.999972443356
2837,0.999972496614
2838,0.99997265572
2839,0.99997265572
2840,0.99997265572
2841,0.99997270868
2842,0.999972814454
2843,0.999972814454
2844,0.999972867266
2845,0.999972920004
2846,0.999972972445
2847,0.999973024737
2848,0.999973076955
2849,0.999973129099
2850,0.999973180945
2851,0.999973284045
2852,0.999973284045
2853,0.999973335371
2854,0.999973386104
2855,0.999973486974
2856,0.999973486974
2857,0.999973537113
2858,0.999973637092
2859,0.999973637092
2860,0.999973687007
2861,0.999973736774
2862,0.999973786467
2863,0.999973836085
2864,0.999973885406
2865,0.999973934653
2866,0.999973983826
2867,0.999974032776
2868,0.999974081651
2869,0.999974178659
2870,0.999974178659
2871,0.999974275222
2872,0.999974275222
2873,0.999974323429
2874,0.999974371487
2875,0.99997451544
2876,0.99997451544
2877,0.99997451544
2878,0.999974611259
2879,0.999974611259
2880,0.999974659021
2881,0.999974801413
2882,0.999974801413
2883,0.999974801413
2884,0.999974848803
2885,0.999974896119
2886,0.99997503762
2887,0.99997503762
2888,0.99997503762
2889,0.99997513136
2890,0.99997513136
2891,0.999975178156
2892,0.999975271153
2893,0.999975271153
2894,0.999975317354
2895,0.999975363407
2896,0.999975409386
2897,0.999975547099
2898,0.999975547099
2899,0.999975547099
2900,0.999975592929
2901,0.999975638685
2902,0.999975684218
2903,0.999975729676
2904,0.999975775061
2905,0.999975865384
2906,0.999975865384
2907,0.999975955558
2908,0.999975955558
2909,0.999976000571
2910,0.99997604551
2911,0.999976090375
2912,0.99997613509
2913,0.999976179732
2914,0.999976402569
2915,0.999976402569
2916,0.999976402569
2917,0.999976402569
2918,0.999976402569
2919,0.999976535156
2920,0.999976535156
2921,0.999976535156
2922,0.999976579278
2923,0.999976623251
2924,0.999976711049
2925,0.999976711049
2926,0.999976754799
2927,0.999976798475
2928,0.999976842077
2929,0.999976885604
2930,0.99997697251
2931,0.99997697251
2932,0.999977015889
2933,0.999977102498
2934,0.999977102498
2935,0.999977188959
2936,0.999977188959
2937,0.999977318427
2938,0.999977318427
2939,0.999977318427
2940,0.999977361435
2941,0.999977404368
2942,0.999977489937
2943,0.999977489937
2944,0.999977532647
2945,0.999977575209
2946,0.999977659887
2947,0.999977659887
2948,0.999977702077
2949,0.999977744119
2950,0.999977786087
2951,0.999977869873
2952,0.999977869873
2953,0.999977911692
2954,0.999977953437
2955,0.999978036778
2956,0.999978036778
2957,0.999978078374
2958,0.999978119525
2959,0.999978160601
2960,0.999978201603
2961,0.999978242456
2962,0.999978323866
2963,0.999978323866
2964,0.999978364422
2965,0.999978485868
2966,0.999978485868
2967,0.999978485868
2968,0.999978526276
2969,0.999978566609
2970,0.999978606868
2971,0.999978647053
2972,0.99997868709
2973,0.999978726977
2974,0.999978846418
2975,0.999978846418
2976,0.999978846418
2977,0.999978886157
2978,0.999978965487
2979,0.999978965487
2980,0.999979005003
2981,0.999979083887
2982,0.999979083887
2983,0.99997916188
2984,0.99997916188
2985,0.999979200802
2986,0.999979239576
2987,0.999979316826
2988,0.999979316826
2989,0.999979393927
2990,0.999979393927
2991,0.999979432404
2992,0.99997950906
2993,0.99997950906
2994,0.999979547313
2995,0.999979585492
2996,0.999979623598
2997,0.999979661628
2998,0.999979699511
2999,0.99997988855
3000,0.99997988855
3001,0.99997988855
3002,0.99997988855
3003,0.99997988855
3004,0.99997992621
3005,0.999979963646
3006,0.999980038371
3007,0.999980038371
3008,0.999980075584
3009,0.999980112724
3010,0.999980149492
3011,0.999980259573
3012,0.999980259573
3013,0.999980259573
3014,0.999980296193
3015,0.999980369135
3016,0.999980369135
3017,0.999980478324
3018,0.999980478324
3019,0.999980478324
3020,0.999980550969
3021,0.999980550969
3022,0.999980623465
3023,0.999980623465
3024,0.999980659639
3025,0.99998073169
3026,0.99998073169
3027,0.999980839543
3028,0.999980839543
3029,0.999980839543
3030,0.99998091085
3031,0.99998091085
3032,0.99998094643
3033,0.999980981935
3034,0.999981017366
3035,0.999981052723
3036,0.999981088005
3037,0.999981123214
3038,0.999981158348
3039,0.999981193333
3040,0.999981228244
3041,0.999981263081
3042,0.999981332606
3043,0.999981332606
3044,0.99998136722
3045,0.999981470839
3046,0.999981470839
3047,0.999981470839
3048,0.999981505304
3049,0.999981539621
3050,0.999981607809
3051,0.999981607809
3052,0.999981641829
3053,0.9999816757
3054,0.999981709497
3055,0.999981776942
3056,0.999981776942
3057,0.999981844239
3058,0.999981844239
3059,0.999981877813
3060,0.999981978312
3061,0.999981978312
3062,0.999981978312
3063,0.999982078366
3064,0.999982078366
3065,0.999982078366
3066,0.99998214492
3067,0.99998214492
3068,0.999982244305
3069,0.999982244305
3070,0.999982244305
3071,0.999982277284
3072,0.99998231019
3073,0.999982474346
3074,0.999982474346
3075,0.999982474346
3076,0.999982474346
3077,0.999982474346
3078,0.99998253986
3079,0.99998253986
3080,0.999982637908
3081,0.999982637908
3082,0.999982637908
3083,0.999982670517
3084,0.999982703051
3085,0.999982735362
3086,0.999982799836
3087,0.999982799836
3088,0.999982831925
3089,0.999982863865
3090,0.99998289573
3091,0.999982959016
3092,0.999982959016
3093,0.999982990584
3094,0.999983022079
3095,0.999983084919
3096,0.999983084919
3097,0.999983210301
3098,0.999983210301
3099,0.999983210301
3100,0.999983210301
3101,0.999983241498
3102,0.999983334867
3103,0.999983334867
3104,0.999983334867
3105,0.999983396816
3106,0.999983396816
3107,0.999983427567
3108,0.999983488921
3109,0.999983488921
3110,0.999983550127
3111,0.999983550127
3112,0.999983580656
3113,0.99998361111
3114,0.99998367187
3115,0.99998367187
3116,0.999983702102
3117,0.999983732259
3118,0.999983792425
3119,0.999983792425
3120,0.999983822359
3121,0.999983882079
3122,0.999983882079
3123,0.999983911865
3124,0.999983971288
3125,0.999983971288
3126,0.999984030414
3127,0.999984030414
3128,0.999984059903
3129,0.999984148146
3130,0.999984148146
3131,0.999984148146
3132,0.999984177487
3133,0.99998423587
3134,0.99998423587
3135,0.999984294104
3136,0.999984294104
3137,0.999984322999
3138,0.999984351819
3139,0.999984380565
3140,0.999984466357
3141,0.999984466357
3142,0.999984466357
3143,0.999984523403
3144,0.999984523403
3145,0.999984551852
3146,0.99998466535
3147,0.99998466535
3148,0.99998466535
3149,0.99998466535
3150,0.99998469365
3151,0.999984778328
3152,0.999984778328
3153,0.999984778328
3154,0.999984806406
3155,0.999984890192
3156,0.999984890192
3157,0.999984890192
3158,0.999985029465
3159,0.999985029465
3160,0.999985029465
3161,0.999985029465
3162,0.999985029465
3163,0.999985085026
3164,0.999985085026
3165,0.999985112732
3166,0.999985140363
3167,0.999985167921
3168,0.999985250371
3169,0.999985250371
3170,0.999985250371
3171,0.999985304891
3172,0.999985304891
3173,0.999985332003
3174,0.999985385929
3175,0.999985385929
3176,0.999985439707
3177,0.999985439707
3178,0.999985520151
3179,0.999985520151
3180,0.999985520151
3181,0.999985546892
3182,0.999985653259
3183,0.999985653259
3184,0.999985653259
3185,0.999985653259
3186,0.999985706294
3187,0.999985706294
3188,0.999985812067
3189,0.999985812067
3190,0.999985812067
3191,0.999985812067
3192,0.999985838436
3193,0.999985891026
3194,0.999985891026
3195,0.999985943467
3196,0.999985943467
3197,0.999985969539
3198,0.999985995536
3199,0.999986021459
3200,0.999986047309
3201,0.999986073083
3202,0.999986098784
3203,0.99998612441
3204,0.999986201066
3205,0.999986201066
3206,0.999986201066
3207,0.999986226543
3208,0.999986302754
3209,0.999986302754
3210,0.999986302754
3211,0.999986328083
3212,0.999986353263
3213,0.999986403476
3214,0.999986403476
3215,0.999986428508
3216,0.999986478275
3217,0.999986478275
3218,0.999986577511
3219,0.999986577511
3220,0.999986577511
3221,0.999986577511
3222,0.999986602246
3223,0.999986676228
3224,0.999986676228
3225,0.999986676228
3226,0.999986700814
3227,0.999986725326
3228,0.999986798639
3229,0.999986798639
3230,0.999986798639
3231,0.999986823003
3232,0.999986871581
3233,0.999986871581
3234,0.999986895796
3235,0.999986968218
3236,0.999986968218
3237,0.999986968218
3238,0.999986992284
3239,0.999987016276
3240,0.999987063963
3241,0.999987063963
3242,0.999987135271
3243,0.999987135271
3244,0.999987135271
3245,0.999987158966
3246,0.999987229605
3247,0.999987229605
3248,0.999987229605
3249,0.99998727655
3250,0.99998727655
3251,0.999987323345
3252,0.999987323345
3253,0.999987369992
3254,0.999987369992
3255,0.999987393242
3256,0.999987416417
3257,0.99998746247
3258,0.99998746247
3259,0.999987531326
3260,0.999987531326
3261,0.999987531326
3262,0.999987577082
3263,0.999987577082
3264,0.999987622689
3265,0.999987622689
3266,0.999987690654
3267,0.999987690654
3268,0.999987690654
3269,0.999987758174
3270,0.999987758174
3271,0.999987758174
3272,0.99998782547
3273,0.99998782547
3274,0.99998782547
3275,0.999987847828
3276,0.999987892099
3277,0.999987892099
3278,0.999987980342
3279,0.999987980342
3280,0.999987980342
3281,0.999987980342
3282,0.999988045856
3283,0.999988045856
3284,0.999988045856
3285,0.999988067619
3286,0.999988132688
3287,0.999988132688
3288,0.999988132688
3289,0.999988240764
3290,0.999988240764
3291,0.999988240764
3292,0.999988240764
3293,0.999988240764
3294,0.99998826223
3295,0.999988283622
3296,0.99998830494
3297,0.99998832611
3298,0.999988431586
3299,0.999988431586
3300,0.999988431586
3301,0.999988431586
3302,0.999988431586
3303,0.999988452607
3304,0.9999884945
3305,0.9999884945
3306,0.999988536245
3307,0.999988536245
3308,0.999988557043
3309,0.999988577767
3310,0.999988598416
3311,0.999988700921
3312,0.999988700921
3313,0.999988700921
3314,0.999988700921
3315,0.999988700921
3316,0.999988741775
3317,0.999988741775
3318,0.999988802832
3319,0.999988802832
3320,0.999988802832
3321,0.999988843388
3322,0.999988843388
3323,0.999988904
3324,0.999988904
3325,0.999988904
3326,0.999988944259
3327,0.999988944259
3328,0.999988984369
3329,0.999988984369
3330,0.999989064293
3331,0.999989064293
3332,0.999989064293
3333,0.999989064293
3334,0.9999890842
3335,0.999989104033
3336,0.999989123791
3337,0.999989182842
3338,0.999989182842
3339,0.999989182842
3340,0.999989202452
3341,0.999989300129
3342,0.999989300129
3343,0.999989300129
3344,0.999989300129
3345,0.999989300129
3346,0.999989377973
3347,0.999989377973
3348,0.999989377973
3349,0.999989377973
3350,0.999989436133
3351,0.999989436133
3352,0.999989436133
3353,0.999989455446
3354,0.999989513161
3355,0.999989513161
3356,0.999989513161
3357,0.999989570652
3358,0.999989570652
3359,0.999989570652
3360,0.999989608832
3361,0.999989608832
3362,0.999989684893
3363,0.999989684893
3364,0.999989684893
3365,0.999989684893
3366,0.999989779599
3367,0.999989779599
3368,0.999989779599
3369,0.999989779599
3370,0.999989779599
3371,0.999989798466
3372,0.999989836051
3373,0.999989836051
3374,0.999989854769
3375,0.999989892057
3376,0.999989892057
3377,0.999989966336
3378,0.999989966336
3379,0.999989966336
3380,0.999989966336
3381,0.999989984831
3382,0.999990003253
3383,0.999990039946
3384,0.999990039946
3385,0.999990058219
3386,0.999990094616
3387,0.999990094616
3388,0.999990130864
3389,0.999990130864
3390,0.999990203063
3391,0.999990203063
3392,0.999990203063
3393,0.999990203063
3394,0.999990221038
3395,0.999990238939
3396,0.999990274593
3397,0.999990274593
3398,0.999990292346
3399,0.999990345381
3400,0.999990345381
3401,0.999990345381
3402,0.999990380589
3403,0.999990380589
3404,0.999990398119
3405,0.999990450486
3406,0.999990450486
3407,0.999990450486
3408,0.999990502629
3409,0.999990502629
3410,0.999990502629
3411,0.999990537243
3412,0.999990537243
3413,0.999990606174
3414,0.999990606174
3415,0.999990606174
3416,0.999990606174
3417,0.999990657649
3418,0.999990657649
3419,0.999990657649
3420,0.999990674734
3421,0.999990691743
3422,0.999990725615
3423,0.999990725615
3424,0.99999079306
3425,0.99999079306
3426,0.99999079306
3427,0.99999079306
3428,0.999990843421
3429,0.999990843421
3430,0.999990843421
3431,0.999990893559
3432,0.999990893559
3433,0.999990893559
3434,0.999990959519
3435,0.999990959519
3436,0.999990959519
3437,0.999990959519
3438,0.999991025181
3439,0.999991025181
3440,0.999991025181
3441,0.999991025181
3442,0.999991074205
3443,0.999991074205
3444,0.999991074205
3445,0.999991155541
3446,0.999991155541
3447,0.999991155541
3448,0.999991155541
3449,0.999991155541
3450,0.999991220312
3451,0.999991220312
3452,0.999991220312
3453,0.999991220312
3454,0.99999123643
3455,0.99999128434
3456,0.99999128434
3457,0.99999128434
3458,0.999991332027
3459,0.999991332027
3460,0.999991332027
3461,0.999991379046
3462,0.999991379046
3463,0.999991379046
3464,0.99999144144
3465,0.99999144144
3466,0.99999144144
3467,0.99999144144
3468,0.999991472489
3469,0.999991472489
3470,0.999991534289
3471,0.999991534289
3472,0.999991534289
3473,0.999991534289
3474,0.99999156504
3475,0.99999156504
3476,0.999991595494
3477,0.999991595494
3478,0.999991671259
3479,0.999991671259
3480,0.999991671259
3481,0.999991671259
3482,0.999991671259
3483,0.999991731573
3484,0.999991731573
3485,0.999991731573
3486,0.999991731573
3487,0.999991776363
3488,0.999991776363
3489,0.999991776363
3490,0.999991865498
3491,0.999991865498
3492,0.999991865498
3493,0.999991865498
3494,0.999991865498
3495,0.999991865498
3496,0.999991895061
3497,0.999991895061
3498,0.999991909768
3499,0.999991982933
3500,0.999991982933
3501,0.999991982933
3502,0.999991982933
3503,0.999991982933
3504,0.999992026609
3505,0.999992026609
3506,0.999992026609
3507,0.999992070062
3508,0.999992070062
3509,0.999992070062
3510,0.999992098882
3511,0.999992098882
3512,0.999992113218
3513,0.999992141741
3514,0.999992141741
3515,0.999992184303
3516,0.999992184303
3517,0.999992184303
3518,0.999992240755
3519,0.999992240755
3520,0.999992240755
3521,0.999992240755
3522,0.999992324987
3523,0.999992324987
3524,0.999992324987
3525,0.999992324987
3526,0.999992324987
3527,0.999992324987
3528,0.99999236688
3529,0.99999236688
3530,0.99999236688
3531,0.999992380771
3532,0.999992408402
3533,0.999992408402
3534,0.999992490852
3535,0.999992490852
3536,0.999992490852
3537,0.999992490852
3538,0.999992490852
3539,0.999992490852
3540,0.999992518187
3541,0.999992518187
3542,0.99999253178
3543,0.999992558817
3544,0.999992558817
3545,0.999992599151
3546,0.999992599151
3547,0.999992599151
3548,0.999992666001
3549,0.999992666001
3550,0.999992666001
3551,0.999992666001
3552,0.999992666001
3553,0.999992732481
3554,0.999992732481
3555,0.999992732481
3556,0.999992732481
3557,0.999992732481
3558,0.999992758924
3559,0.999992758924
3560,0.999992798366
3561,0.999992798366
3562,0.999992798366
3563,0.99999281144
3564,0.999992824438
3565,0.999992876136
3566,0.999992876136
3567,0.999992876136
3568,0.999992876136
3569,0.999992901837
3570,0.999992901837
3571,0.999992940165
3572,0.999992940165
3573,0.999992940165
3574,0.999992990972
3575,0.999992990972
3576,0.999992990972
3577,0.999992990972
3578,0.999993016226
3579,0.999993016226
3580,0.999993053886
3581,0.999993053886
3582,0.999993053886
3583,0.999993091322
3584,0.999993091322
3585,0.999993091322
3586,0.999993128536
3587,0.999993128536
3588,0.999993128536
3589,0.999993202518
3590,0.999993202518
3591,0.999993202518
3592,0.999993202518
3593,0.999993202518
3594,0.999993202518
3595,0.999993263798
3596,0.999993263798
3597,0.999993263798
3598,0.999993263798
3599,0.999993263798
3600,0.999993300343
3601,0.999993300343
3602,0.999993300343
3603,0.999993385095
3604,0.999993385095
3605,0.999993385095
3606,0.999993385095
3607,0.999993385095
3608,0.999993385095
3609,0.999993385095
3610,0.999993445261
3611,0.999993445261
3612,0.999993445261
3613,0.999993445261
3614,0.999993445261
3615,0.999993469179
3616,0.999993469179
3617,0.999993481064
3618,0.999993516495
3619,0.999993516495
3620,0.999993516495
3621,0.999993563439
3622,0.999993563439
3623,0.999993563439
3624,0.999993563439
3625,0.999993598424
3626,0.999993598424
3627,0.999993598424
3628,0.999993633187
3629,0.999993633187
3630,0.999993633187
3631,0.9999936447
3632,0.999993724773
3633,0.999993724773
3634,0.999993724773
3635,0.999993724773
3636,0.999993724773
3637,0.999993724773
3638,0.999993724773
3639,0.999993758867
3640,0.999993758867
3641,0.999993758867
3642,0.999993792738
3643,0.999993792738
3644,0.999993792738
3645,0.999993826386
3646,0.999993826386
3647,0.999993826386
3648,0.99999384867
3649,0.99999384867
3650,0.999993881872
3651,0.999993881872
3652,0.999993881872
3653,0.999993914852
3654,0.999993914852
3655,0.999993914852
3656,0.999993991285
3657,0.999993991285
3658,0.999993991285
3659,0.999993991285
3660,0.999993991285
3661,0.999993991285
3662,0.999993991285
3663,0.999994023819
3664,0.999994023819
3665,0.999994023819
3666,0.999994088442
3667,0.999994088442
3668,0.999994088442
3669,0.999994088442
3670,0.999994088442
3671,0.999994088442
3672,0.999994099138
3673,0.999994131004
3674,0.999994131004
3675,0.999994131004
3676,0.999994183742
3677,0.999994183742
3678,0.999994183742
3679,0.999994183742
3680,0.999994183742
3681,0.999994225635
3682,0.999994225635
3683,0.999994225635
3684,0.999994225635
3685,0.999994298428
3686,0.999994298428
3687,0.999994298428
3688,0.999994298428
3689,0.999994298428
3690,0.999994298428
3691,0.999994298428
3692,0.999994360377
3693,0.999994360377
3694,0.999994360377
3695,0.999994360377
3696,0.999994360377
3697,0.999994360377
3698,0.99999442188
3699,0.99999442188
3700,0.99999442188
3701,0.99999442188
3702,0.99999442188
3703,0.99999442188
3704,0.999994462585
3705,0.999994462585
3706,0.999994462585
3707,0.999994462585
3708,0.999994523196
3709,0.999994523196
3710,0.999994523196
3711,0.999994523196
3712,0.999994523196
3713,0.999994523196
3714,0.999994553279
3715,0.999994553279
3716,0.999994553279
3717,0.999994612999
3718,0.999994612999
3719,0.999994612999
3720,0.999994612999
3721,0.999994612999
3722,0.999994612999
3723,0.999994642637
3724,0.999994642637
3725,0.999994642637
3726,0.999994672051
3727,0.999994672051
3728,0.999994672051
3729,0.999994701243
3730,0.999994701243
3731,0.999994701243
3732,0.999994739868
3733,0.999994739868
3734,0.999994739868
3735,0.999994739868
3736,0.999994778195
3737,0.999994778195
3738,0.999994778195
3739,0.999994778195
3740,0.999994873272
3741,0.999994873272
3742,0.999994873272
3743,0.999994873272
3744,0.999994873272
3745,0.999994873272
3746,0.999994873272
3747,0.999994873272
3748,0.999994873272
3749,0.999994873272
3750,0.999994958173
3751,0.999994958173
3752,0.999994958173
3753,0.999994958173
3754,0.999994958173
3755,0.999994958173
3756,0.999994958173
3757,0.999994958173
3758,0.999994958173
3759,0.999995004969
3760,0.999995004969
3761,0.999995004969
3762,0.999995004969
3763,0.999995004969
3764,0.999995069963
3765,0.999995069963
3766,0.999995069963
3767,0.999995069963
3768,0.999995069963
3769,0.999995069963
3770,0.999995069963
3771,0.999995125226
3772,0.999995125226
3773,0.999995125226
3774,0.999995125226
3775,0.999995125226
3776,0.999995125226
3777,0.999995161772
3778,0.999995161772
3779,0.999995161772
3780,0.999995161772
3781,0.999995207082
3782,0.999995207082
3783,0.999995207082
3784,0.999995207082
3785,0.999995207082
3786,0.99999525202
3787,0.99999525202
3788,0.99999525202
3789,0.99999525202
3790,0.99999525202
3791,0.999995278761
3792,0.999995278761
3793,0.999995278761
3794,0.999995331796
3795,0.999995331796
3796,0.999995331796
3797,0.999995331796
3798,0.999995331796
3799,0.999995331796
3800,0.99999537562
3801,0.99999537562
3802,0.99999537562
3803,0.99999537562
3804,0.99999537562
3805,0.999995436455
3806,0.999995436455
3807,0.999995436455
3808,0.999995436455
3809,0.999995436455
3810,0.999995436455
3811,0.999995436455
3812,0.999995488153
3813,0.999995488153
3814,0.999995488153
3815,0.999995488153
3816,0.999995488153
3817,0.999995488153
3818,0.999995505237
3819,0.999995505237
3820,0.999995522173
3821,0.999995522173
3822,0.99999553896
3823,0.99999553896
3824,0.999995572237
3825,0.999995572237
3826,0.999995572237
3827,0.999995572237
3828,0.999995638196
3829,0.999995638196
3830,0.999995638196
3831,0.999995638196
3832,0.999995638196
3833,0.999995638196
3834,0.999995638196
3835,0.999995638196
3836,0.99999567905
3837,0.99999567905
3838,0.99999567905
3839,0.99999567905
3840,0.99999567905
3841,0.999995735724
3842,0.999995735724
3843,0.999995735724
3844,0.999995735724
3845,0.999995735724
3846,0.999995735724
3847,0.999995735724
3848,0.999995743746
3849,0.999995783486
3850,0.999995783486
3851,0.999995783486
3852,0.999995783486
3853,0.999995783486
3854,0.999995838601
3855,0.999995838601
3856,0.999995838601
3857,0.999995838601
3858,0.999995838601
3859,0.999995838601
3860,0.999995838601
3861,0.999995885396
3862,0.999995885396
3863,0.999995885396
3864,0.999995885396
3865,0.999995885396
3866,0.999995885396
3867,0.999995900846
3868,0.999995900846
3869,0.9999959391
3870,0.9999959391
3871,0.9999959391
3872,0.9999959391
3873,0.9999959391
3874,0.999996037594
3875,0.999996037594
3876,0.999996037594
3877,0.999996037594
3878,0.999996037594
3879,0.999996037594
3880,0.999996037594
3881,0.999996037594
3882,0.999996037594
3883,0.999996037594
3884,0.999996037594
3885,0.999996037594
3886,0.999996037594
3887,0.999996112615
3888,0.999996112615
3889,0.999996112615
3890,0.999996112615
3891,0.999996112615
3892,0.999996112615
3893,0.999996112615
3894,0.999996112615
3895,0.999996112615
3896,0.999996112615
3897,0.999996127471
3898,0.999996127471
3899,0.999996193654
3900,0.999996193654
3901,0.999996193654
3902,0.999996193654
3903,0.999996193654
3904,0.999996193654
3905,0.999996193654
3906,0.999996193654
3907,0.999996193654
3908,0.999996215492
3909,0.999996215492
3910,0.999996215492
3911,0.999996244312
3912,0.999996244312
3913,0.999996244312
3914,0.999996244312
3915,0.999996294227
3916,0.999996294227
3917,0.999996294227
3918,0.999996294227
3919,0.999996294227
3920,0.999996294227
3921,0.999996294227
3922,0.999996350679
3923,0.999996350679
3924,0.999996350679
3925,0.999996350679
3926,0.999996350679
3927,0.999996350679
3928,0.999996350679
3929,0.999996350679
3930,0.999996406537
3931,0.999996406537
3932,0.999996406537
3933,0.999996406537
3934,0.999996406537
3935,0.999996406537
3936,0.999996406537
3937,0.999996406537
3938,0.999996441077
3939,0.999996441077
3940,0.999996441077
3941,0.999996441077
3942,0.999996441077
3943,0.999996475245
3944,0.999996475245
3945,0.999996475245
3946,0.999996475245
3947,0.999996475245
3948,0.999996509042
3949,0.999996509042
3950,0.999996509042
3951,0.999996509042
3952,0.999996509042
3953,0.999996562522
3954,0.999996562522
3955,0.999996562522
3956,0.999996562522
3957,0.999996562522
3958,0.999996562522
3959,0.999996562522
3960,0.999996562522
3961,0.999996575744
3962,0.999996575744
3963,0.999996595354
3964,0.999996595354
3965,0.999996595354
3966,0.99999664059
3967,0.99999664059
3968,0.99999664059
3969,0.99999664059
3970,0.99999664059
3971,0.99999664059
3972,0.99999664059
3973,0.999996698081
3974,0.999996698081
3975,0.999996698081
3976,0.999996698081
3977,0.999996698081
3978,0.999996698081
3979,0.999996698081
3980,0.999996698081
3981,0.999996698081
3982,0.999996735964
3983,0.999996735964
3984,0.999996735964
3985,0.999996735964
3986,0.999996735964
3987,0.999996735964
3988,0.999996767161
3989,0.999996767161
3990,0.999996767161
3991,0.999996767161
3992,0.999996767161
3993,0.999996810317
3994,0.999996810317
3995,0.999996810317
3996,0.999996810317
3997,0.999996810317
3998,0.999996810317
3999,0.999996810317
4000,0.999996859044
4001,0.999996859044
4002,0.999996859044
4003,0.999996859044
4004,0.999996859044
4005,0.999996859044
4006,0.999996859044
4007,0.999996859044
4008,0.999996931243
4009,0.999996931243
4010,0.999996931243
4011,0.999996931243
4012,0.999996931243
4013,0.999996931243
4014,0.999996931243
4015,0.999996931243
4016,0.999996931243
4017,0.999996931243
4018,0.999996931243
4019,0.999996931243
4020,0.999996960954
4021,0.999996960954
4022,0.999996960954
4023,0.999996960954
4024,0.999996960954
4025,0.999997025503
4026,0.999997025503
4027,0.999997025503
4028,0.999997025503
4029,0.999997025503
4030,0.999997025503
4031,0.999997025503
4032,0.999997025503
4033,0.999997025503
4034,0.999997025503
4035,0.999997025503
4036,0.999997042884
4037,0.999997042884
4038,0.999997042884
4039,0.999997060042
4040,0.999997060042
4041,0.999997060042
4042,0.999997082623
4043,0.999997082623
4044,0.999997082623
4045,0.999997082623
4046,0.999997093765
4047,0.999997093765
4048,0.999997121248
4049,0.999997121248
4050,0.999997121248
4051,0.999997121248
4052,0.999997121248
4053,0.999997142938
4054,0.999997142938
4055,0.999997142938
4056,0.999997142938
4057,0.999997169678
4058,0.999997169678
4059,0.999997169678
4060,0.999997169678
4061,0.999997169678
4062,0.999997185499
4063,0.999997185499
4064,0.999997185499
4065,0.999997227096
4066,0.999997227096
4067,0.999997227096
4068,0.999997227096
4069,0.999997227096
4070,0.999997227096
4071,0.999997227096
4072,0.999997227096
4073,0.999997252722
4074,0.999997252722
4075,0.999997252722
4076,0.999997252722
4077,0.999997252722
4078,0.999997277977
4079,0.999997277977
4080,0.999997277977
4081,0.999997277977
4082,0.999997277977
4083,0.999997312813
4084,0.999997312813
4085,0.999997312813
4086,0.999997312813
4087,0.999997312813
4088,0.999997312813
4089,0.999997312813
4090,0.999997352033
4091,0.999997352033
4092,0.999997352033
4093,0.999997352033
4094,0.999997352033
4095,0.999997352033
4096,0.999997352033
4097,0.999997352033
4098,0.999997376173
4099,0.999997376173
4100,0.999997376173
4101,0.999997376173
4102,0.999997376173
4103,0.999997414204
4104,0.999997414204
4105,0.999997414204
4106,0.999997414204
4107,0.999997414204
4108,0.999997414204
4109,0.999997414204
4110,0.999997414204
4111,0.999997451641
4112,0.999997451641
4113,0.999997451641
4114,0.999997451641
4115,0.999997451641
4116,0.999997451641
4117,0.999997451641
4118,0.999997451641
4119,0.999997525325
4120,0.999997525325
4121,0.999997525325
4122,0.999997525325
4123,0.999997525325
4124,0.999997525325
4125,0.999997525325
4126,0.999997525325
4127,0.999997525325
4128,0.999997525325
4129,0.999997525325
4130,0.999997525325
4131,0.999997525325
4132,0.999997525325
4133,0.999997525325
4134,0.999997525325
4135,0.999997575166
4136,0.999997575166
4137,0.999997575166
4138,0.999997575166
4139,0.999997575166
4140,0.999997575166
4141,0.999997575166
4142,0.999997575166
4143,0.999997575166
4144,0.999997575166
4145,0.999997575166
4146,0.999997601907
4147,0.999997601907
4148,0.999997601907
4149,0.999997601907
4150,0.999997601907
4151,0.999997601907
4152,0.999997645731
4153,0.999997645731
4154,0.999997645731
4155,0.999997645731
4156,0.999997645731
4157,0.999997645731
4158,0.999997645731
4159,0.999997645731
4160,0.999997645731
4161,0.999997645731
4162,0.999997675888
4163,0.999997675888
4164,0.999997675888
4165,0.999997675888
4166,0.999997675888
4167,0.999997675888
4168,0.999997675888
4169,0.999997705526
4170,0.999997705526
4171,0.999997705526
4172,0.999997705526
4173,0.999997705526
4174,0.999997705526
4175,0.999997705526
4176,0.999997742962
4177,0.999997742962
4178,0.999997742962
4179,0.999997742962
4180,0.999997742962
4181,0.999997742962
4182,0.999997742962
4183,0.999997742962
4184,0.999997742962
4185,0.999997767474
4186,0.999997767474
4187,0.999997767474
4188,0.999997767474
4189,0.999997767474
4190,0.999997767474
4191,0.999997803574
4192,0.999997803574
4193,0.999997803574
4194,0.999997803574
4195,0.999997803574
4196,0.999997803574
4197,0.999997803574
4198,0.999997803574
4199,0.999997803574
4200,0.999997835068
4201,0.999997835068
4202,0.999997835068
4203,0.999997835068
4204,0.999997835068
4205,0.999997835068
4206,0.999997835068
4207,0.999997835068
4208,0.999997877556
4209,0.999997877556
4210,0.999997877556
4211,0.999997877556
4212,0.999997877556
4213,0.999997877556
4214,0.999997877556
4215,0.999997877556
4216,0.999997877556
4217,0.999997877556
4218,0.999997877556
4219,0.999997904073
4220,0.999997904073
4221,0.999997904073
4222,0.999997904073
4223,0.999997904073
4224,0.999997904073
4225,0.999997904073
4226,0.999997963496
4227,0.999997963496
4228,0.999997963496
4229,0.999997963496
4230,0.999997963496
4231,0.999997963496
4232,0.999997963496
4233,0.999997963496
4234,0.999997963496
4235,0.999997963496
4236,0.999997963496
4237,0.999997963496
4238,0.999997963496
4239,0.999997963496
4240,0.999997963496
4241,0.999997963496
4242,0.999997996253
4243,0.999997996253
4244,0.999997996253
4245,0.999997996253
4246,0.999997996253
4247,0.999997996253
4248,0.999997996253
4249,0.999997996253
4250,0.999997996253
4251,0.999998035472
4252,0.999998035472
4253,0.999998035472
4254,0.999998035472
4255,0.999998035472
4256,0.999998035472
4257,0.999998035472
4258,0.999998035472
4259,0.999998035472
4260,0.999998035472
4261,0.999998035472
4262,0.999998080857
4263,0.999998080857
4264,0.999998080857
4265,0.999998080857
4266,0.999998080857
4267,0.999998080857
4268,0.999998080857
4269,0.999998080857
4270,0.999998080857
4271,0.999998080857
4272,0.999998080857
4273,0.999998080857
4274,0.999998080857
4275,0.999998128692
4276,0.999998128692
4277,0.999998128692
4278,0.999998128692
4279,0.999998128692
4280,0.999998128692
4281,0.999998128692
4282,0.999998128692
4283,0.999998128692
4284,0.999998128692
4285,0.999998128692
4286,0.999998128692
4287,0.999998128692
4288,0.999998128692
4289,0.999998178831
4290,0.999998178831
4291,0.999998178831
4292,0.999998178831
4293,0.999998178831
4294,0.999998178831
4295,0.999998178831
4296,0.999998178831
4297,0.999998178831
4298,0.999998178831
4299,0.999998178831
4300,0.999998178831
4301,0.999998178831
4302,0.999998178831
4303,0.999998178831
4304,0.999998214782
4305,0.999998214782
4306,0.999998214782
4307,0.999998214782
4308,0.999998214782
4309,0.999998214782
4310,0.999998214782
4311,0.999998214782
4312,0.999998214782
4313,0.999998214782
4314,0.999998214782
4315,0.999998243528
4316,0.999998243528
4317,0.999998243528
4318,0.999998243528
4319,0.999998243528
4320,0.999998243528
4321,0.999998243528
4322,0.999998243528
4323,0.999998243528
4324,0.999998277844
4325,0.999998277844
4326,0.999998277844
4327,0.999998277844
4328,0.999998277844
4329,0.999998277844
4330,0.999998277844
4331,0.999998277844
4332,0.999998277844
4333,0.999998277844
4334,0.999998277844
4335,0.999998305253
4336,0.999998305253
4337,0.999998305253
4338,0.999998305253
4339,0.999998305253
4340,0.999998305253
4341,0.999998305253
4342,0.999998305253
4343,0.999998305253
4344,0.999998346849
4345,0.999998346849
4346,0.999998346849
4347,0.999998346849
4348,0.999998346849
4349,0.999998346849
4350,0.999998346849
4351,0.999998346849
4352,0.999998346849
4353,0.999998346849
4354,0.999998346849
4355,0.999998346849
4356,0.999998346849
4357,0.999998346849
4358,0.999998378715
4359,0.999998378715
4360,0.999998378715
4361,0.999998378715
4362,0.999998378715
4363,0.999998378715
4364,0.999998378715
4365,0.999998378715
4366,0.999998378715
4367,0.999998378715
4368,0.999998378715
4369,0.999998421054
4370,0.999998421054
4371,0.999998421054
4372,0.999998421054
4373,0.999998421054
4374,0.999998421054
4375,0.999998421054
4376,0.999998421054
4377,0.999998421054
4378,0.999998421054
4379,0.999998421054
4380,0.999998421054
4381,0.999998421054
4382,0.999998421054
4383,0.999998421054
4384,0.999998459531
4385,0.999998459531
4386,0.999998459531
4387,0.999998459531
4388,0.999998459531
4389,0.999998459531
4390,0.999998459531
4391,0.999998459531
4392,0.999998459531
4393,0.999998459531
4394,0.999998459531
4395,0.999998459531
4396,0.999998459531
4397,0.999998459531
4398,0.999998507663
4399,0.999998507663
4400,0.999998507663
4401,0.999998507663
4402,0.999998507663
4403,0.999998507663
4404,0.999998507663
4405,0.999998507663
4406,0.999998507663
4407,0.999998507663
4408,0.999998507663
4409,0.999998507663
4410,0.999998507663
4411,0.999998507663
4412,0.999998507663
4413,0.999998507663
4414,0.999998507663
4415,0.999998507663
4416,0.999998536261
4417,0.999998536261
4418,0.999998536261
4419,0.999998536261
4420,0.999998536261
4421,0.999998536261
4422,0.999998536261
4423,0.999998536261
4424,0.999998536261
4425,0.999998536261
4426,0.999998536261
4427,0.999998571617
4428,0.999998571617
4429,0.999998571617
4430,0.999998571617
4431,0.999998571617
4432,0.999998571617
4433,0.999998571617
4434,0.999998571617
4435,0.999998571617
4436,0.999998571617
4437,0.999998571617
4438,0.999998571617
4439,0.999998571617
4440,0.999998571617
4441,0.999998623093
4442,0.999998623093
4443,0.999998623093
4444,0.999998623093
4445,0.999998623093
4446,0.999998623093
4447,0.999998623093
4448,0.999998623093
4449,0.999998623093
4450,0.999998623093
4451,0.999998623093
4452,0.999998623093
4453,0.999998623093
4454,0.999998623093
4455,0.999998623093
4456,0.999998623093
4457,0.999998623093
4458,0.999998623093
4459,0.999998623093
4460,0.999998623093
4461,0.999998623093
4462,0.999998665877
4463,0.999998665877
4464,0.999998665877
4465,0.999998665877
4466,0.999998665877
4467,0.999998665877
4468,0.999998665877
4469,0.999998665877
4470,0.999998665877
4471,0.999998665877
4472,0.999998665877
4473,0.999998665877
4474,0.999998665877
4475,0.999998665877
4476,0.999998665877
4477,0.999998665877
4478,0.999998665877
4479,0.999998665877
4480,0.999998693509
4481,0.999998693509
4482,0.999998693509
4483,0.999998693509
4484,0.999998693509
4485,0.999998693509
4486,0.999998693509
4487,0.999998693509
4488,0.999998693509
4489,0.999998693509
4490,0.999998693509
4491,0.999998693509
4492,0.99999873362
4493,0.99999873362
4494,0.99999873362
4495,0.99999873362
4496,0.99999873362
4497,0.99999873362
4498,0.99999873362
4499,0.99999873362
4500,0.99999873362
4501,0.99999873362
4502,0.99999873362
4503,0.99999873362
4504,0.99999873362
4505,0.99999873362
4506,0.99999873362
4507,0.99999873362
4508,0.99999873362
4509,0.99999873362
4510,0.999998798242
4511,0.999998798242
4512,0.999998798242
4513,0.999998798242
4514,0.999998798242
4515,0.999998798242
4516,0.999998798242
4517,0.999998798242
4518,0.999998798242
4519,0.999998798242
4520,0.999998798242
4521,0.999998798242
4522,0.999998798242
4523,0.999998798242
4524,0.999998798242
4525,0.999998798242
4526,0.999998798242
4527,0.999998798242
4528,0.999998798242
4529,0.999998798242
4530,0.999998798242
4531,0.999998798242
4532,0.999998798242
4533,0.999998798242
4534,0.999998798242
4535,0.999998798242
4536,0.999998798242
4537,0.999998798242
4538,0.999998798242
4539,0.999998798242
4540,0.999998854397
4541,0.999998854397
4542,0.999998854397
4543,0.999998854397
4544,0.999998854397
4545,0.999998854397
4546,0.999998854397
4547,0.999998854397
4548,0.999998854397
4549,0.999998854397
4550,0.999998854397
4551,0.999998854397
4552,0.999998854397
4553,0.999998854397
4554,0.999998854397
4555,0.999998854397
4556,0.999998854397
4557,0.999998854397
4558,0.999998854397
4559,0.999998854397
4560,0.999998854397
4561,0.999998854397
4562,0.999998854397
4563,0.999998854397
4564,0.999998854397
4565,0.999998854397
4566,0.999998854397
4567,0.999998896513
4568,0.999998896513
4569,0.999998896513
4570,0.999998896513
4571,0.999998896513
4572,0.999998896513
4573,0.999998896513
4574,0.999998896513
4575,0.999998896513
4576,0.999998896513
4577,0.999998896513
4578,0.999998896513
4579,0.999998896513
4580,0.999998896513
4581,0.999998896513
4582,0.999998896513
4583,0.999998896513
4584,0.999998896513
4585,0.999998896513
4586,0.999998896513
4587,0.999998896513
4588,0.999998927413
4589,0.999998927413
4590,0.999998927413
4591,0.999998927413
4592,0.999998927413
4593,0.999998927413
4594,0.999998927413
4595,0.999998927413
4596,0.999998927413
4597,0.999998927413
4598,0.999998927413
4599,0.999998927413
4600,0.999998927413
4601,0.999998927413
4602,0.999998927413
4603,0.999998927413
4604,0.999998970123
4605,0.999998970123
4606,0.999998970123
4607,0.999998970123
4608,0.999998970123
4609,0.999998970123
4610,0.999998970123
4611,0.999998970123
4612,0.999998970123
4613,0.999998970123
4614,0.999998970123
4615,0.999998970123
4616,0.999998970123
4617,0.999998970123
4618,0.999998970123
4619,0.999998970123
4620,0.999998970123
4621,0.999998970123
4622,0.999998970123
4623,0.999998970123
4624,0.999998970123
4625,0.999998970123
4626,0.999998970123
4627,0.999999003995
4628,0.999999003995
4629,0.999999003995
4630,0.999999003995
4631,0.999999003995
4632,0.999999003995
4633,0.999999003995
4634,0.999999003995
4635,0.999999003995
4636,0.999999003995
4637,0.999999003995
4638,0.999999003995
4639,0.999999003995
4640,0.999999003995
4641,0.999999003995
4642,0.999999003995
4643,0.999999003995
4644,0.999999003995
4645,0.999999003995
4646,0.999999043288
4647,0.999999043288
4648,0.999999043288
4649,0.999999043288
4650,0.999999043288
4651,0.999999043288
4652,0.999999043288
4653,0.999999043288
4654,0.999999043288
4655,0.999999043288
4656,0.999999043288
4657,0.999999043288
4658,0.999999043288
4659,0.999999043288
4660,0.999999043288
4661,0.999999043288
4662,0.999999043288
4663,0.999999043288
4664,0.999999043288
4665,0.999999043288
4666,0.999999043288
4667,0.999999043288
4668,0.999999043288
4669,0.999999075971
4670,0.999999075971
4671,0.999999075971
4672,0.999999075971
4673,0.999999075971
4674,0.999999075971
4675,0.999999075971
4676,0.999999075971
4677,0.999999075971
4678,0.999999075971
4679,0.999999075971
4680,0.999999075971
4681,0.999999075971
4682,0.999999075971
4683,0.999999075971
4684,0.999999075971
4685,0.999999075971
4686,0.999999075971
4687,0.999999075971
4688,0.999999075971
4689,0.999999124326
4690,0.999999124326
4691,0.999999124326
4692,0.999999124326
4693,0.999999124326
4694,0.999999124326
4695,0.999999124326
4696,0.999999124326
4697,0.999999124326
4698,0.999999124326
4699,0.999999124326
4700,0.999999124326
4701,0.999999124326
4702,0.999999124326
4703,0.999999124326
4704,0.999999124326
4705,0.999999124326
4706,0.999999124326
4707,0.999999124326
4708,0.999999124326
4709,0.999999124326
4710,0.999999124326
4711,0.999999124326
4712,0.999999124326
4713,0.999999124326
4714,0.999999124326
4715,0.999999124326
4716,0.999999124326
4717,0.999999124326
4718,0.999999124326
4719,0.999999124326
4720,0.999999167408
4721,0.999999167408
4722,0.999999167408
4723,0.999999167408
4724,0.999999167408
4725,0.999999167408
4726,0.999999167408
4727,0.999999167408
4728,0.999999167408
4729,0.999999167408
4730,0.999999167408
4731,0.999999167408
4732,0.999999167408
4733,0.999999167408
4734,0.999999167408
4735,0.999999167408
4736,0.999999167408
4737,0.999999167408
4738,0.999999167408
4739,0.999999167408
4740,0.999999167408
4741,0.999999167408
4742,0.999999167408
4743,0.999999167408
4744,0.999999167408
4745,0.999999167408
4746,0.999999167408
4747,0.999999167408
4748,0.999999167408
4749,0.999999198457
4750,0.999999198457
4751,0.999999198457
4752,0.999999198457
4753,0.999999198457
4754,0.999999198457
4755,0.999999198457
4756,0.999999198457
4757,0.999999198457
4758,0.999999198457
4759,0.999999198457
4760,0.999999198457
4761,0.999999198457
4762,0.999999198457
4763,0.999999198457
4764,0.999999198457
4765,0.999999198457
4766,0.999999198457
4767,0.999999198457
4768,0.999999198457
4769,0.999999198457
4770,0.999999198457
4771,0.999999249263
4772,0.999999249263
4773,0.999999249263
4774,0.999999249263
4775,0.999999249263
4776,0.999999249263
4777,0.999999249263
4778,0.999999249263
4779,0.999999249263
4780,0.999999249263
4781,0.999999249263
4782,0.999999249263
4783,0.999999249263
4784,0.999999249263
4785,0.999999249263
4786,0.999999249263
4787,0.999999249263
4788,0.999999249263
4789,0.999999249263
4790,0.999999249263
4791,0.999999249263
4792,0.999999249263
4793,0.999999249263
4794,0.999999249263
4795,0.999999249263
4796,0.999999249263
4797,0.999999249263
4798,0.999999249263
4799,0.999999249263
4800,0.999999249263
4801,0.999999249263
4802,0.999999249263
4803,0.999999249263
4804,0.999999249263
4805,0.999999249263
4806,0.999999249263
4807,0.999999249263
4808,0.999999249263
4809,0.999999294722
4810,0.999999294722
4811,0.999999294722
4812,0.999999294722
4813,0.999999294722
4814,0.999999294722
4815,0.999999294722
4816,0.999999294722
4817,0.999999294722
4818,0.999999294722
4819,0.999999294722
4820,0.999999294722
4821,0.999999294722
4822,0.999999294722
4823,0.999999294722
4824,0.999999294722
4825,0.999999294722
4826,0.999999294722
4827,0.999999294722
4828,0.999999294722
4829,0.999999294722
4830,0.999999294722
4831,0.999999294722
4832,0.999999294722
4833,0.999999294722
4834,0.999999294722
4835,0.999999294722
4836,0.999999294722
4837,0.999999294722
4838,0.999999294722
4839,0.999999294722
4840,0.999999294722
4841,0.999999294722
4842,0.999999294722
4843,0.999999294722
4844,0.999999294722
4845,0.999999343449
4846,0.999999343449
4847,0.999999343449
4848,0.999999343449
4849,0.999999343449
4850,0.999999343449
4851,0.999999343449
4852,0.999999343449
4853,0.999999343449
4854,0.999999343449
4855,0.999999343449
4856,0.999999343449
4857,0.999999343449
4858,0.999999343449
4859,0.999999343449
4860,0.999999343449
4861,0.999999343449
4862,0.999999343449
4863,0.999999343449
4864,0.999999343449
4865,0.999999343449
4866,0.999999343449
4867,0.999999343449
4868,0.999999343449
4869,0.999999343449
4870,0.999999343449
4871,0.999999343449
4872,0.999999343449
4873,0.999999343449
4874,0.999999343449
4875,0.999999343449
4876,0.999999343449
4877,0.999999343449
4878,0.999999343449
4879,0.999999343449
4880,0.999999343449
4881,0.999999343449
4882,0.999999343449
4883,0.999999343449
4884,0.999999343449
4885,0.999999343449
4886,0.999999394701
4887,0.999999394701
4888,0.999999394701
4889,0.999999394701
4890,0.999999394701
4891,0.999999394701
4892,0.999999394701
4893,0.999999394701
4894,0.999999394701
4895,0.999999394701
4896,0.999999394701
4897,0.999999394701
4898,0.999999394701
4899,0.999999394701
4900,0.999999394701
4901,0.999999394701
4902,0.999999394701
4903,0.999999394701
4904,0.999999394701
4905,0.999999394701
4906,0.999999394701
4907,0.999999394701
4908,0.999999394701
4909,0.999999394701
4910,0.999999394701
4911,0.999999394701
4912,0.999999394701
4913,0.999999394701
4914,0.999999394701
4915,0.999999394701
4916,0.999999394701
4917,0.999999394701
4918,0.999999394701
4919,0.999999394701
4920,0.999999394701
4921,0.999999394701
4922,0.999999394701
4923,0.999999394701
4924,0.999999394701
4925,0.999999394701
4926,0.999999394701
4927,0.999999394701
4928,0.999999394701
4929,0.999999394701
4930,0.999999394701
4931,0.999999394701
4932,0.999999450856
4933,0.999999450856
4934,0.999999450856
4935,0.999999450856
4936,0.999999450856
4937,0.999999450856
4938,0.999999450856
4939,0.999999450856
4940,0.999999450856
4941,0.999999450856
4942,0.999999450856
4943,0.999999450856
4944,0.999999450856
4945,0.999999450856
4946,0.999999450856
4947,0.999999450856
4948,0.999999450856
4949,0.999999450856
4950,0.999999450856
4951,0.999999450856
4952,0.999999450856
4953,0.999999450856
4954,0.999999450856
4955,0.999999450856
4956,0.999999450856
4957,0.999999450856
4958,0.999999450856
4959,0.999999450856
4960,0.999999450856
4961,0.999999450856
4962,0.999999450856
4963,0.999999450856
4964,0.999999450856
4965,0.999999450856
4966,0.999999450856
4967,0.999999450856
4968,0.999999450856
4969,0.999999450856
4970,0.999999450856
4971,0.999999450856
4972,0.999999450856
4973,0.999999450856
4974,0.999999450856
4975,0.999999450856
4976,0.999999450856
4977,0.999999450856
4978,0.999999450856
4979,0.999999450856
4980,0.999999450856
4981,0.999999450856
4982,0.999999450856
4983,0.999999450856
4984,0.999999450856
4985,0.999999450856
4986,0.999999505897
4987,0.999999505897
4988,0.999999505897
4989,0.999999505897
4990,0.999999505897
4991,0.999999505897
4992,0.999999505897
4993,0.999999505897
4994,0.999999505897
4995,0.999999505897
4996,0.999999505897
4997,0.999999505897
4998,0.999999505897
4999,0.999999505897
5000,0.999999505897
